0.1 0.0 0.0 0.0
0.2 -5.46230359515208e-7 3.4365901312692625e-8 -2.042590039219583e-6
0.3 -4.28469248906514e-6 4.5675394748116366e-7 -1.6076906441009342e-5
0.4 -1.7122836282278348e-5 2.488990775809542e-6 -6.453602614586718e-5
0.5 -4.771163303553134e-5 8.683340844669198e-6 -0.00018080099589529164
0.6 -0.00010588036586730014 2.309584346929074e-5 -0.00040381149017962303
0.7 -0.00020078715406008537 5.1132217147766264e-5 -0.0007715599832643361
0.8 -0.000339048307076492 9.906456607086347e-5 -0.0013143418693407072
0.9 -0.0005231137807600254 0.00017327242541618243 -0.002048672659534123
1.0 -0.0007501235915672653 0.0002793097506274538 -0.0029727036575365184
1.1 -0.00101141582664159 0.00042093267886520326 -0.004063780131524974
1.2 -0.0012927700106024147 0.0005992359231884537 -0.0052785157156620965
1.3 -0.00157537219783253 0.0008120362568716842 -0.006555438984388373
1.4 -0.0018373936395187274 0.0010536109084935503 -0.007819944133963308
1.5 -0.0020559959560745565 0.0013148512768952432 -0.008990989173855518
1.6 -0.002209522726887395 0.0015838352087052666 -0.009988768598129305
1.7 -0.0022796167760579626 0.0018467626516820452 -0.01074246997435635
1.8 -0.0022530160557808583 0.002089148461263896 -0.011197218867473047
1.9 -0.002122826037357485 0.0022971299921086233 -0.01131942283906906
2.0 -0.0018891358587443264 0.0024587310581510894 -0.011099927391731351
2.1 -0.001558929041911215 0.0025649300463671137 -0.010554667061766665
2.2 -0.0011453257564733546 0.0026104072345086195 -0.009722797600340005
2.3 -0.0006662709070230498 0.0025938903984856214 -0.008662591195408909
2.4 -0.00014284105990205835 0.0025180719076498994 -0.0074456287387174025
2.5 0.0004026232664172903 0.002389126662869616 -0.006150000729585187
2.6 0.000948347999393457 0.0022159103044852536 -0.0048533115901948365
2.7 0.0014747281601337778 0.002008954112463376 -0.003626263896596982
2.8 0.0019655560001286495 0.0017793921078120354 -0.002527485683007036
2.9 0.002408786229008857 0.001537955040456149 -0.001600074093293935
3.0 0.0027968140129396354 0.0012941462550394981 -0.000870090071021179
3.1 0.003126302138160283 0.0010556796842146408 -0.0003469846089111106
3.2 0.0033976432062611433 0.0008282163498352407 -2.5701099751779255e-5
3.3 0.0036141753189735237 0.0006153897926115832 0.00010998955120092302
3.4 0.0037812826687602654 0.00041906982891191415 8.348201593275095e-5
3.5 0.003905506082871278 0.00023978388882851885 -7.874557297532503e-5
3.6 0.003993765939024694 7.719990011569521e-5 -0.00035073886909853247
3.7 0.004052766120152226 -6.942426997268042e-5 -0.0007097672840948588
3.8 0.00408860906890598 -0.0002009035551435663 -0.0011378529536683057
3.9 0.004106614886548943 -0.0003179513678947187 -0.001622058475028415
4.0 0.004111307251312471 -0.0004211843917727784 -0.0021536532148194454
4.1 0.004106509516966205 -0.0005112874361347795 -0.0027264380586820014
4.2 0.00409548741701506 -0.0005892891890874713 -0.0033346175893081975
4.3 0.004081079907539935 -0.0006568793975485637 -0.003970653985377132
4.4 0.0040657745072874936 -0.0007166904170878191 -0.004623515184446203
4.5 0.004051704372094898 -0.000772471965295386 -0.005277647457796186
4.6 0.004040566982013649 -0.0008291058516629278 -0.005912874263979129
4.7 0.004033484563926755 -0.0008924341514072224 -0.006505269746451409
4.8 0.004030840860592429 -0.0009689051830613267 -0.00702889992327857
4.9 0.004032135512098432 -0.001065071693125702 -0.007458190180379548
5.0 0.004035895575862346 -0.0011870001267324176 -0.0077705829008647975
5.1 0.004039674492474487 -0.00133966510377025 -0.007949106281063878
5.2 0.004040154223146009 -0.0015264071388338073 -0.0079844889758027
5.3 0.0040333492034215004 -0.0017485239853336119 -0.007876521286087595
5.4 0.004014894247041768 -0.002005048277631055 -0.007634470858396358
5.5 0.003980385340332073 -0.0022927393781106645 -0.007276492519862232
5.6 0.003925734382977194 -0.0026062894196444138 -0.0068281082732247755
5.7 0.0038474973213288794 -0.0029387166526183115 -0.006319955030186009
5.8 0.003743139648799167 -0.003281897162129426 -0.005785087666931116
5.9 0.003611212788901182 -0.003627171678936505 -0.005256171914005986
6.0 0.0034514275849269935 -0.003965959115644733 -0.0047629005572684124
6.1 0.0032646247979534154 -0.0042903127020885445 -0.00432991962636714
6.2 0.003052655003605074 -0.004593366880912401 -0.00397546736802834
6.3 0.00281818981121828 -0.004869641086178219 -0.0037108215025816182
6.4 0.002564491785347529 -0.005115187156804692 -0.00354053599158094
6.5 0.002295171474048613 -0.005327587293788467 -0.0034633440337575316
6.6 0.0020139569337354513 -0.005505826372234032 -0.0034735238204258723
6.7 0.0017244950825691789 -0.005650074031079347 -0.003562478072115405
6.8 0.001430196480944045 -0.005761417239421986 -0.003720272341661307
6.9 0.001134127196195284 -0.005841582989021308 -0.003936909261571642
7.0 0.0008389445660876746 -0.00589268434830454 -0.00420317948146226
7.1 0.0005468688736618885 -0.005917012998783007 -0.004511013762426491
7.2 0.00025968064145108006 -0.005916889596265081 -0.004853350817101421
7.3 -2.1266602659108255e-5 -0.005894571903690774 -0.005223617879816789
7.4 -0.00029502612625007424 -0.005852211363479723 -0.00561498328355961
7.5 -0.0005610351018059699 -0.005791842793638959 -0.006019573677939427
7.6 -0.000819090177963784 -0.005715389700936581 -0.00642784886081485
7.7 -0.0010693196169649843 -0.0056246691206472 -0.006828295625630865
7.8 -0.0013121482151494453 -0.005521384156164226 -0.007207544511525166
7.9 -0.0015482508147244092 -0.005407098361790883 -0.007550939637831822
8.0 -0.0017784912720591505 -0.005283192498048374 -0.007843513856448797
8.1 -0.0020038459629568095 -0.005150809783450799 -0.008071251529902818
8.2 -0.002225313764947022 -0.005010799637269916 -0.008222470051225533
8.3 -0.00244381735632879 -0.004863671520338149 -0.008289126347671122
8.4 -0.0026601030375124177 -0.004709569743849374 -0.008267859447926462
8.5 -0.0028746476709762053 -0.004548277345343992 -0.008160613545562273
8.6 -0.00308758150987237 -0.0043792529512493295 -0.007974742383228511
8.7 -0.0032986346228673713 -0.004201699752283646 -0.007722566394115754
8.8 -0.003507112509222571 -0.004014661129531714 -0.007420428124530393
8.9 -0.0037119036692488186 -0.0038171337904691505 -0.007087358024798873
9.0 -0.0039115187653222675 -0.003608187000008772 -0.006743512141944963
9.1 -0.004104157994858462 -0.0033870758533124084 -0.006408568786459706
9.2 -0.004287800754074186 -0.0031533375005692193 -0.0061002698340029415
9.3 -0.004460309849474976 -0.0029068615389418423 -0.0058332650142999265
9.4 -0.004619541539620118 -0.0026479290156972064 -0.005618369200506984
9.5 -0.004763452573182868 -0.0023772181459420045 -0.005462281184280521
9.6 -0.004890196049721157 -0.002095778449270487 -0.005367747244879623
9.7 -0.004998199227965239 -0.0018049781320705412 -0.005334093747466184
9.8 -0.005086218178420948 -0.0015064318784361365 -0.005358008524311342
9.9 -0.005153366257767925 -0.001201917585722429 -0.005434426878282578
10.0 -0.005199115618414976 -0.0008932909424866208 -0.005557377344792974
10.1 -0.005223273216542289 -0.0005824061592693112 -0.00572066386824388
10.2 -0.005225934909841037 -0.0002710497734495734 -0.005918300441654228
10.3 -0.005207423101614177 3.910753766686809e-5 -0.006144664584345705
10.4 -0.005168214842509973 0.00034653855028313744 -0.006394388904880033
10.5 -0.005108868193678819 0.0006498663716401271 -0.006662056920955811
10.6 -0.005029954848700157 0.0009478528122042786 -0.0069418029924851465
10.7 -0.004932006410059251 0.0012393724405186934 -0.00722693167508795
10.8 -0.004815480293958508 0.0015233779366848692 -0.00750966703555439
10.9 -0.004680749066565224 0.0017988630924695448 -0.007781118740330856
11.0 -0.0045281142779439515 0.002064829759530038 -0.008031513249168648
11.1 -0.004357842845048657 0.0023202642191129516 -0.00825069166814385
11.2 -0.004170221109087293 0.002564126923506834 -0.00842882837082326
11.3 -0.003965619253731502 0.0027953575189292265 -0.008557283985394681
11.4 -0.0037445571881400044 0.0030128947575830743 -0.008629479158793252
11.5 -0.003507762548450193 0.0032157086515927254 -0.008641665862101217
11.6 -0.0032562122804871726 0.0034028403344339535 -0.008593482322311385
11.7 -0.0029911512789695277 0.0035734438625056107 -0.008488204428853202
11.8 -0.002714084529926903 0.003726823813946599 -0.008332646482756112
11.9 -0.002426742727519114 0.00386246310445893 -0.008136711275788105
12.0 -0.0021310249046534078 0.0039800368762419195 -0.00791263656748245
12.1 -0.0018289246950910889 0.004079410416880309 -0.0076740250560553835
12.2 -0.0015224489630345742 0.00416062150223313 -0.007434772098752485
12.3 -0.0012135383686607006 0.004223849933807832 -0.007208015972233195
12.4 -0.0009039988614255977 0.004269378955578291 -0.00700522820307331
12.5 -0.0005954512116882311 0.004297554353084656 -0.006835537980457718
12.6 -0.0002893028229412377 0.004308747153502992 -0.006705348832273972
12.7 1.3257309384213099e-5 0.0043033249257835365 -0.006618263295676358
12.8 0.00031124295202700794 0.004281634877066686 -0.006575288773828347
12.9 0.0006038394926748965 0.00424399957298877 -0.006575261485678524
13.0 0.0008903642024986329 0.004190723606894737 -0.006615400581143821
13.1 0.0011702252380187321 0.004122107376898638 -0.006691894387327618
13.2 0.00144288586529676 0.004038462723926666 -0.006800426281837135
13.3 0.0017078384581638614 0.003940124834585523 -0.0069365673232351654
13.4 0.001964590211175909 0.003827455627951191 -0.007095992829910969
13.5 0.0022126597301237436 0.003700835717274162 -0.007274515400932657
13.6 0.002451581250587186 0.0035606446529667032 -0.0074679615621889295
13.7 0.002680911642075681 0.0034072320432836723 -0.0076719477106323986
13.8 0.0029002348742443963 0.003240884769716512 -0.007881628865196139
13.9 0.0031091593311331407 0.0030617973428241053 -0.008091498264255731
14.0 0.0033073051109451285 0.0028700530775615466 -0.008295306609129277
14.1 0.003494280896390009 0.0026656229990160356 -0.008486148480637168
14.2 0.00366965264545415 0.0024483872568769505 -0.008656733782581222
14.3 0.0038329087130772764 0.002218180613430264 -0.008799828909537538
14.4 0.00398342760312217 0.0019748597639058234 -0.008908821101171971
14.5 0.004120455040030087 0.001718386464845058 -0.008978335171268476
14.6 0.004243096313849858 0.0014489173237863782 -0.00900481837331632
14.7 0.004350327987267425 0.0011668891930074559 -0.008987008730658386
14.8 0.004441030360209163 0.0008730887783416263 -0.008926214812295441
14.9 0.004514039017636025 0.0005686964370202414 -0.008826358730688322
15.0 0.0045682108581970955 0.0002552970369386102 -0.00869376542727443
15.1 0.004602497709106971 -6.514522812810393e-5 -0.008536715328854333
15.2 0.0046160193571747185 -0.00039034662496999575 -0.008364809074615398
15.3 0.004608127770717164 -0.0007177924387410595 -0.008188217534211256
15.4 0.004578455445338254 -0.001044844904369169 -0.008016904212267667
15.5 0.004526942967388638 -0.001368858893149076 -0.007859908489709216
15.6 0.004453843679608462 -0.0016872931695826375 -0.007724767041556446
15.7 0.004359706289410058 -0.0019978061623524375 -0.007617129134153439
15.8 0.004245338909144689 -0.0022983277906872164 -0.007540592833177984
15.9 0.004111759961874863 -0.0025871025025668683 -0.007496757918214331
16.0 0.003960142368926162 -0.0028627027193276573 -0.007485462247754621
16.1 0.003791757378942036 -0.003124015706181425 -0.007505145734137825
16.2 0.003607923407602549 -0.003370209928870273 -0.007553273143724587
16.3 0.0034099635920793042 -0.003600688798708759 -0.007626745232880733
16.4 0.0031991737822726777 -0.003815040156478605 -0.007722237074082677
16.5 0.0029768007771589743 -0.004012988945431292 -0.007836420918475723
16.6 0.002744029109228282 -0.004194358541769918 -0.00796605530102415
16.7 0.002501973817484195 -0.0043590435786010065 -0.008107948205134108
16.8 0.0022516765216690645 -0.004506994328362394 -0.008258825684917315
16.9 0.0019941026569197215 -0.004638210300237602 -0.00841515461377007
17.0 0.0017301387575152315 -0.004752739065931263 -0.008572976501613677
17.1 0.001460589912422373 -0.004850675689373889 -0.00872780740751608
17.2 0.0011861786477475374 -0.004932158547667906 -0.008874647330614549
17.3 0.0009075472500763193 -0.004997358642813882 -0.009008123110229055
17.4 0.0006252657445572617 -0.005046461411826525 -0.009122765032909791
17.5 0.00033984731816699557 -0.005079642148535027 -0.009213392946111287
17.6 5.177199761287175e-5 -0.005097038038290661 -0.00927556668614446
17.7 -0.0002384819669994174 -0.005098721119475341 -0.009306041443638391
17.8 -0.0005304010395044032 -0.005084676984191957 -0.009303163619516164
17.9 -0.0008233969962170911 -0.005054793631681496 -0.009267147622884442
18.0 -0.0011167694177965414 -0.005008863671342746 -0.009200188222161704
18.1 -0.0014096745949756268 -0.0049466012584096965 -0.00910638433351485
18.2 -0.0017011049783857604 -0.0048676730509021274 -0.008991475278580574
18.3 -0.0019898822763682092 -0.004771740454115389 -0.00886241575752636
18.4 -0.0022746657932985904 -0.004658508795551578 -0.008726837273073107
18.5 -0.0025539758338080274 -0.004527778095599375 -0.008592458328172015
18.6 -0.002826230241723152 -0.004379489897459638 -0.00846651131445847
18.7 -0.0030897906535815923 -0.004213765192676357 -0.00835524991749731
18.8 -0.0033430140305644547 -0.004030929702770302 -0.008263587880094542
18.9 -0.0035843046131823764 -0.003831524436235107 -0.008194900211232065
19.0 -0.0038121616463796396 -0.003616301265879229 -0.008150994520776778
19.1 -0.004025218981308458 -0.0033862049927184854 -0.008132236700159445
19.2 -0.004222273830406094 -0.003142344747669624 -0.00813779518212368
19.3 -0.004402303344322355 -0.0028859584720183594 -0.008165954406211484
19.4 -0.004564469090207 -0.002618374542759452 -0.008214442737358829
19.5 -0.004708110757970613 -0.002340974390819485 -0.008280723460629219
19.6 -0.00483273136686418 -0.0020551592965358852 -0.00836220875297669
19.7 -0.004937976811322384 -0.0017623235866366855 -0.008456373644360332
19.8 -0.005023612757035891 -0.001463835370816481 -0.008560766991044688
19.9 -0.005089501714947727 -0.001161024906395679 -0.008672936065665743
20.0 -0.005135582660298234 -0.0008551797979111635 -0.008790297339808711
20.1 -0.005161854924044922 -0.0005475456103781524 -0.008909995852935282
20.2 -0.005168367364673219 -0.0002393301356577562 -0.009028797718168474
20.3 -0.0051552131166162285 6.829050964137574e-5 -0.009143054560810243
20.4 -0.005122529573556369 0.0003741656045319629 -0.009248766044140322
20.5 -0.005070502744077318 0.0006771646736622641 -0.00934174923593245
20.6 -0.004999374736849986 0.0009761743461825191 -0.00941790428001818
20.7 -0.004909452901792462 0.001270097645007787 -0.00947354781646062
20.8 -0.004801119072935956 0.001557855701069993 -0.009505771780513678
20.9 -0.00467483742413337 0.0018383915322714053 -0.009512777858694671
21.0 -0.004531159652747702 0.0021106752705241164 -0.009494138216699782
21.1 -0.00437072653603944 0.0023737100764836946 -0.009450941146777442
21.2 -0.004194265337795138 0.00262653795413418 -0.009385794813558002
21.3 -0.0040025830435090224 0.0028682447612272313 -0.009302681101425347
21.4 -0.0037965559214947087 0.0030979638932928455 -0.009206671817985568
21.5 -0.003577116383105657 0.0033148783757034504 -0.009103538121499555
21.6 -0.0033452384811193695 0.003518221397513501 -0.008999298221275792
21.7 -0.0031019235801169652 0.003707275620877351 -0.008899756060347763
21.8 -0.0028481877130891566 0.0038813718532193274 -0.008810083762077536
21.9 -0.002585051890480458 0.004039887828675858 -0.008734493208298999
22.0 -0.002313536174332716 0.004182247871615915 -0.008676028462093255
22.1 -0.002034657731938424 0.004307924086732344 -0.008636493027685571
22.2 -0.0017494324328623037 0.004416439440961301 -0.008616506908725063
22.3 -0.0014588789605685412 0.004507372705465581 -0.00861567098572133
22.4 -0.001164023984026725 0.004580364772673895 -0.008632802973833065
22.5 -0.0008659067623121171 0.004635125436479322 -0.008666202032449777
22.6 -0.0005655816821491073 0.004671439413690567 -0.008713898878389081
22.7 -0.00026411764724563005 0.004689170273168575 -0.008773854797591546
22.8 3.7406114076498384e-5 0.00468826108036907 -0.008844084994795387
22.9 0.00033790749135833887 0.004668730972006616 -0.008922697164559484
23.0 0.0006363111115579333 0.004630667510708989 -0.009007852419561813
23.1 0.000931558490852899 0.004574215445404965 -0.009097670105705502
23.2 0.0012226167946005114 0.0044995632930616225 -0.009190108249998996
23.3 0.00150848436932687 0.004406929814888806 -0.009282855820828828
23.4 0.0017881916752331686 0.004296552844829679 -0.009373270977966697
23.5 0.0020607970271859584 0.00416868293312902 -0.00945839144851926
23.6 0.0023253775214771904 0.004023583843097049 -0.009535030450211673
23.7 0.0025810165166108546 0.0038615411072179064 -0.009599956303176393
23.8 0.002826789866964181 0.003682878707041803 -0.009650138535449188
23.9 0.0030617536159961685 0.0034879826514304995 -0.009683030399612297
24.0 0.003284935928691878 0.0032773289919465183 -0.009696849386271827
24.1 0.003495335642372546 0.003051512842120393 -0.009690814919323526
24.2 0.003691928985102071 0.0028112744395983836 -0.009665306381677868
24.3 0.0038736848736113374 0.0025575183247457407 -0.009621914379535884
24.4 0.004039587937963132 0.0022913223368555917 -0.009563372229250577
24.5 0.0041886672351150725 0.0020139342835435946 -0.009493370898731285
24.6 0.0043200277058330775 0.0017267556635188971 -0.009416276579655991
24.7 0.004432880952103652 0.0014313134938036486 -0.009336783292604955
24.8 0.004526571946032342 0.0011292228543816388 -0.009259541456788367
24.9 0.004600598820052973 0.0008221439717417096 -0.009188805946750561
25.0 0.004654623840075399 0.0005117383265402003 -0.009128143494482877
25.1 0.004688474866774689 0.000199628284482484 -0.009080230019822694
25.2 0.004702137864394346 -0.00011263588616903023 -0.009046755077987828
25.3 0.00469574211630803 -0.00042359892550352936 -0.009028435201814289
25.4 0.004669540580090182 -0.0007319122623126631 -0.009025122857701823
25.5 0.004623888152864138 -0.0010363349274459348 -0.009035985301633825
25.6 0.0045592204919847 -0.0013357256197402095 -0.009059719633508656
25.7 0.004476035502091524 -0.0016290289033709816 -0.009094767895429706
25.8 0.004374878783504965 -0.001915259019946139 -0.009139499348875563
25.9 0.0042563334100249465 -0.002193484689216954 -0.00919233539639347
26.0 0.0041210135491429704 -0.002462817596904852 -0.00925180451012389
26.1 0.003969560813518096 -0.0027224061721165126 -0.009316527980562012
26.2 0.0038026419451232256 -0.0029714349549771956 -0.009385150085879396
26.3 0.0036209465166637334 -0.003209128592253143 -0.009456236334172086
26.4 0.0034251837460481226 -0.003434758505777684 -0.009528169146875043
26.5 0.0032160781504021285 -0.0036476497309085487 -0.00959907085367026
26.6 0.0029943644648643066 -0.003847185410145156 -0.009666779128251535
26.7 0.0027607828548382525 -0.004032806940493391 -0.009728890827279929
26.8 0.002516075816265228 -0.004204008705924458 -0.00978287812730494
26.9 0.002260988193697386 -0.004360327497170998 -0.009826267866606536
27.0 0.0019962714253394516 -0.00450132790775832 -0.009856863213720951
27.1 0.0017226924951838658 -0.004626585975237184 -0.009872978123471932
27.2 0.0014410472459283794 -0.0047356739275493 -0.009873650924758948
27.3 0.0011521768359602617 -0.00482814898549506 -0.009858804510339714
27.4 0.000856985375416227 -0.004903548742880281 -0.00982932683328136
27.5 0.0005564562979078584 -0.004961394767353083 -0.009787055823701984
27.6 0.0002516649169348031 -0.005001204885937923 -0.009734665834826323
27.7 -5.621508510600848e-5 -0.00502251333803028 -0.009675466322868365
27.8 -0.00036591281831626406 -0.005024896806993188 -0.00961313559031976
27.9 -0.0006760696425460143 -0.005008003468216628 -0.009551421241287605
28.0 -0.0009852565079643786 -0.00497158175034119 -0.009493843200108404
28.1 -0.0012919977561500825 -0.004915505555536746 -0.009443434138588669
28.2 -0.001594799154624952 -0.0048397932001116774 -0.009402546157128294
28.3 -0.0018921774605923083 -0.004744618219579607 -0.009372742550230823
28.4 -0.002182688724211658 -0.004630311279721313 -0.009354781036919557
28.5 -0.0024649528464822266 -0.004497353568564691 -0.009348681884178367
28.6 -0.002737672537403308 -0.004346363040683425 -0.00935386287212514
28.7 -0.0029996456629884714 -0.004178075605993073 -0.009369314755967917
28.8 -0.0032497708837665265 -0.003993323716234942 -0.009393786959768752
28.9 -0.0034870473295415647 -0.003793014783959314 -0.009425954171350143
29.0 -0.003710569704048281 -0.003578111513824896 -0.009464540011414585
29.1 -0.003919520588327766 -0.003349615626822195 -0.009508383023138528
29.2 -0.004113161783822637 -0.0031085557364750245 -0.009556441326796367
29.3 -0.004290826327603909 -0.0028559794200510337 -0.009607743571093175
29.4 -0.004451912388556381 -0.0025929489287903175 -0.009661303450489406
29.5 -0.004595879708235732 -0.002320539577193714 -0.00971602150299028
29.6 -0.004722248686277188 -0.0020398396774707612 -0.009770600143753999
29.7 -0.004830601721078231 -0.0017519509324969258 -0.009823495603142773
29.8 -0.004920586070960225 -0.0014579884235774014 -0.009872924034013048
29.9 -0.004991917335020964 -0.0011590796584865714 -0.009916929599744884
30.0 -0.005044382666923769 -0.0008563625030733781 -0.009953511407243765
30.1 -0.005077842999043311 -0.0005509821353852744 -0.009980795494515415
30.2 -0.005092233817898522 -0.00024408738271256762 -0.009997229455446233
30.3 -0.005087564334971356 6.317309728581973e-5 -0.01000177209451375
30.4 -0.005063915183430718 0.0003696543502238806 -0.00999404960914585
30.5 -0.005021434997029384 0.0006742180504628315 -0.009974453377106368
30.6 -0.00496033636675936 0.0009757346746981429 -0.0099441619517609
30.7 -0.004880891717065656 0.001273084977416318 -0.00990508019163211
30.8 -0.00478342960598342 0.0015651609981481235 -0.009859699990249327
30.9 -0.004668331852620634 0.0018508669557253366 -0.009810898057663026
31.0 -0.0045360317552371795 0.0021291204426530227 -0.009761694961966716
31.1 -0.004387013506619634 0.002398854320353432 -0.00971500484493304
31.2 -0.00422181275827933 0.002659019641581171 -0.009673406115411481
31.3 -0.0040410181427932654 0.002908589804984838 -0.009638959905737654
31.4 -0.0038452734410138996 0.003146565996986567 -0.009613095735343136
31.5 -0.003635279982298709 0.0033719838157947666 -0.009596573832526323
31.6 -0.0034117987963495702 0.0035839208173473044 -0.009589522481511403
31.7 -0.003175652002172747 0.003781504586714919 -0.009591538295036006
31.8 -0.0029277229329980285 0.003963920832603086 -0.009601829049201427
31.9 -0.0026689545658813187 0.004130420938107298 -0.009619373871908449
32.0 -0.0024003459578478604 0.004280328388420737 -0.0096430748129184
32.1 -0.002122946585477664 0.0044130435453950435 -0.009671877153597935
32.2 -0.0018378487288611216 0.0045280463561297585 -0.00970484260596613
32.3 -0.0015461783078621813 0.004624896768172494 -0.009741168637869169
32.4 -0.001249084831065344 0.004703232868014296 -0.009780157032129422
32.5 -0.0009477313115831762 0.004762767041145836 -0.009821143830700041
32.6 -0.0006432850961700391 0.004803280737915201 -0.009863409574551008
32.7 -0.0003369105121667085 0.004824618677606767 -0.009906092155811924
32.8 -2.976404674341008e-5 0.004826683487923912 -0.009948124129864205
32.9 0.000277007554414913 0.004809431817258418 -0.009988212101279037
33.0 0.0005822663092243201 0.00477287284501626 -0.010024868511897267
33.1 0.0008848796495917164 0.0047170698443946436 -0.010056497022855188
33.2 0.0011837156400306787 0.004642145042339515 -0.010081523187577213
33.3 0.0014776380256244844 0.004548287520009649 -0.01009855380365085
33.4 0.0017655025156948086 0.004435763373525381 -0.010106542561066134
33.5 0.002046155639496741 0.00430492689156569 -0.010104937316096935
33.6 0.002318437219988956 0.0041562311855427095 -0.010093785905331193
33.7 0.0025811870343116845 0.003990236596326123 -0.010073782650481422
33.8 0.0028332556328168465 0.0038076153365065634 -0.010046245792232872
33.9 0.0030735186644251476 0.0036091512081846753 -0.010013025787148744
34.0 0.003300893506110246 0.003395733820545765 -0.009976354210783689
34.1 0.003514356611114133 0.0031683474387342266 -0.009938651426570466
34.2 0.0037129598411718475 0.002928055319266216 -0.009902316920643167
34.3 0.003895844161280046 0.002675981011702615 -0.009869528404942374
34.4 0.004062249435323291 0.0024132885266734644 -0.009842074148457475
34.5 0.004211519608472908 0.0021411634113839787 -0.009821237797477705
34.6 0.004343103206052822 0.0018607966047825362 -0.009807747026614161
34.7 0.004456549710129099 0.0015733724867441914 -0.009801787970275727
34.8 0.004551502888846315 0.0012800618599500431 -0.009803077976662355
34.9 0.004627692465815093 0.000982019819937436 -0.009810981244988276
35.0 0.004684925581273225 0.0006803877089346033 -0.009824646547539034
35.1 0.00472307931250936 0.00037629774158936245 -0.00984314427142835
35.2 0.004742095132810263 7.087853955703856e-5 -0.009865581667146184
35.3 0.004741975677322961 -0.00023474022303545056 -0.009891180115512072
35.4 0.0047227836529679735 -0.0005394255754659406 -0.00991930556702525
35.5 0.004684642281411345 -0.0008420423661934414 -0.009949451841618828
35.6 0.004627736383952405 -0.0011414579765960907 -0.009981184807117183
35.7 0.004552313154961173 -0.001436550115121336 -0.010014062237352711
35.8 0.0044586818318028635 -0.0017262165225528647 -0.010047548305079146
35.9 0.004347211814497262 -0.002009384991969394 -0.010080942545375476
36.0 0.004218329240985312 -0.002285021985332197 -0.010113340616086985
36.1 0.00407251248529194 -0.002552138338122712 -0.010143638714174896
36.2 0.003910287415253669 -0.0028097910495585004 -0.01017058598386461
36.3 0.0037322234407043235 -0.003057080869972564 -0.010192880901424173
36.4 0.0035389313534522258 -0.0032931461915022037 -0.0102092998000744
36.5 0.00333106370270136 -0.003517154480321503 -0.010218839673674929
36.6 0.0031093180052753954 -0.0037282930250692064 -0.010220854149211894
36.7 0.0028744425388487795 -0.003925761017520645 -0.010215161582164678
36.8 0.002627243911326324 -0.004108764880268255 -0.010202107615151196
36.9 0.002368595147370935 -0.004276518324339729 -0.010182570736281732
37.0 0.002099442773898699 -0.004428247927255269 -0.010157907422602391
37.1 0.0018208113763673974 -0.00456320418381804 -0.010129842112360149
37.2 0.0015338043482480037 -0.004680677137269509 -0.010100315181467145
37.3 0.0012396000311211926 -0.004780014986659819 -0.010071308085212588
37.4 0.0009394430655590943 -0.004860643602315234 -0.010044667957508191
37.5 0.0006346314393542667 -0.004922084736588002 -0.010021953773977382
37.6 0.00032650031785573313 -0.004963970908070492 -0.010004322738760674
37.7 1.6404171454715308e-5 -0.004986055424316497 -0.00999246940871873
37.8 -0.0002943010922299652 -0.004988216703359384 -0.009986622194900902
37.9 -0.000604274356780472 -0.00497045683927532 -0.009986593511312147
38.0 -0.0009122025711721473 -0.004932895103550761 -0.00999187226598941
38.1 -0.0012168102611848893 -0.004875757666545868 -0.010001741761480776
38.2 -0.0015168650716325593 -0.004799365178206626 -0.010015403223120889
38.3 -0.0018111797272607757 -0.004704119925159321 -0.010032085488364012
38.4 -0.0020986112881019804 -0.004590494091802667 -0.010051124753867352
38.5 -0.0023780588812465594 -0.004459020249497908 -0.010072004092970849
38.6 -0.0026484611748962958 -0.004310284665876369 -0.010094349751860326
38.7 -0.0029087947224647834 -0.0041449234660251326 -0.01011788881333009
38.8 -0.003158073983480663 -0.003963621185604092 -0.010142379456796219
38.9 -0.0033953533927801012 -0.0037671109091627483 -0.010167529683191595
39.0 -0.0036197313847720174 -0.0035561750291796534 -0.010192922282777156
39.1 -0.003830355869977916 -0.003331645699281221 -0.010217962717922885
39.2 -0.004026430375936194 -0.003094404259820332 -0.01024186267164287
39.3 -0.004207219946659077 -0.002845379229293438 -0.010263665925024118
39.4 -0.004372055953958062 -0.002585542810091353 -0.010282315967941935
39.5 -0.004520339187838606 -0.00231590618046444 -0.010296757493622022
39.6 -0.00465154091327621 -0.002037514077760797 -0.010306057852445233
39.7 -0.004765201942960564 -0.0017514392848189458 -0.010309530626541857
39.8 -0.004860930113123265 -0.0014587776027534072 -0.010306842370097047
39.9 -0.004938396804475228 -0.0011606437465824528 -0.01029808543473662
40.0 -0.0049973332836666705 -0.0008581683731121352 -0.010283804382591522
40.1 -0.005037527637609503 -0.000552496192882278 -0.010264970074598756
40.2 -0.005058822943146381 -0.0002447848808438146 -0.01024290308712178
40.3 -0.005061117088243142 6.379567348223196e-5 -0.010219155482206865
40.4 -0.005044364381548686 0.000372064318712068 -0.010195365998131756
40.5 -0.005008578802700773 0.0006788303231070793 -0.010173107509087342
40.6 -0.004953838499601957 0.0009828962044757504 -0.01015374655600057
40.7 -0.004880290963370442 0.001283061955989667 -0.010138332747598039
40.8 -0.004788158224152074 0.0015781307105286243 -0.010127531203719425
40.9 -0.004677741413164145 0.0018669156829650968 -0.010121604700795372
41.0 -0.004549424116807065 0.00214824805861892 -0.010120444804589762
41.1 -0.004403674087083558 0.002420985378378522 -0.010123644185380476
41.2 -0.0042410430448456635 0.002684019917243725 -0.010130596595170266
41.3 -0.0040621644954183375 0.0029362865633500695 -0.010140607505596727
41.4 -0.0038677496509582705 0.003176769770312451 -0.010152997661075969
41.5 -0.00365858170717186 0.003404509263288059 -0.010167183857777956
41.6 -0.003435508845641918 0.0036186043127041283 -0.010182725739174031
41.7 -0.0031994364225710254 0.0038182165339225678 -0.010199333548694733
41.8 -0.00295131885741591 0.004002571313153255 -0.010216838588931576
41.9 -0.0026921517478995945 0.004170958088765699 -0.010235134504198107
42.0 -0.002422964707979784 0.004322729823738405 -0.010254102408364052
42.1 -0.0021448153496183633 0.004457302081036647 -0.010273535547645152
42.2 -0.0018587847070452483 0.004574152151275862 -0.010293079207523231
42.3 -0.0015659742377642882 0.004672818673869728 -0.010312198959044339
42.4 -0.0012675043389022336 0.004752902133545016 -0.010330185531353037
42.5 -0.0009645141094581507 0.004814066502305532 -0.010346198379682342
42.6 -0.0006581618942339605 0.004856042137518356 -0.010359343400401622
42.7 -0.0003496259931473724 0.004878629852641301 -0.010368774296290073
42.8 -4.0104838567164445e-5 0.004881705869466554 -0.010373802774181512
42.9 0.0002691840450287204 0.004865227167635368 -0.0103740007630794
43.0 0.0005770068709282674 0.004829236599971414 -0.010369278499690882
43.1 0.0008821185718346106 0.0047738670703795375 -0.010359925547118398
43.2 0.0011832700136362858 0.0046993440963839376 -0.010346607093199789
43.3 0.0014792172059809687 0.004605986209294106 -0.010330314394354612
43.4 0.0017687319728217099 0.004494202872897705 -0.010312274975030927
43.5 0.0020506133084900965 0.004364489899955101 -0.010293834113067946
43.6 0.00232369851353588 0.004217422672629695 -0.01027632332334899
43.7 0.002586873206356317 0.004053647776798469 -0.010260933356896873
43.8 0.0028390794467940796 0.0038738738882956613 -0.010248608394009845
43.9 0.0030793214676465407 0.003678862857456473 -0.010239974778236766
44.0 0.0033066688490011394 0.003469421900190672 -0.010235312347585929
44.1 0.003520257332637945 0.003246397616537202 -0.010234570007585347
44.2 0.0037192877978563816 0.003010672244913106 -0.010237420661256741
44.3 0.0039030241499492194 0.002763162169687555 -0.010243344974147889
44.4 0.004070790968035276 0.0025048182958664757 -0.010251729570586121
44.5 0.004221971703991648 0.0022366275581144884 -0.010261963705089583
44.6 0.004356008030151574 0.001959614606101408 -0.010273519434725653
44.7 0.004472400637532344 0.0016748426494960515 -0.010286003636713448
44.8 0.0045707114452567124 0.001383412570890948 -0.01029917530577712
44.9 0.0046505668608774545 0.0010864597080330004 -0.010312927591547366
45.0 0.004711661492326423 0.0007851481209594454 -0.010327240019862238
45.1 0.0047537616013832865 0.00048066262400249266 -0.010342111324363995
45.2 0.004776707627361382 0.0001741992941041391 -0.010357486505798708
45.3 0.004780415290380549 -0.00013304451486484105 -0.01037319263695699
45.4 0.004764875070204183 -0.00043987947956942666 -0.010388896414561838
45.5 0.004730150191759913 -0.0007451318303741783 -0.010404092783464935
45.6 0.0046763735641731025 -0.0010476482548869995 -0.01041812872685799
45.7 0.0046037443511011645 -0.0013462977807267823 -0.01043026037762762
45.8 0.0045125249465730035 -0.0016399707619492124 -0.010439735917606663
45.9 0.004403039068227323 -0.0019275756197924838 -0.010445892209951568
46.0 0.004275671465424417 -0.0022080344219832545 -0.010448250481001259
46.1 0.004130869409940441 -0.0024802786464142297 -0.010446596057200441
46.2 0.003969145752159828 -0.0027432465138055597 -0.010441029226509968
46.3 0.003791082958457496 -0.0029958830774882137 -0.010431978411657161
46.4 0.0035973372670158816 -0.0032371438549395524 -0.010420172372979347
46.5 0.003388641965645239 -0.003466002239996588 -0.010406574236178578
46.6 0.003165808836244364 -0.0036814603367483286 -0.010392285818104863
46.7 0.002929727024177634 -0.0038825623055329305 -0.01037843512004799
46.8 0.00268135894265759 -0.004068408900031471 -0.010366062294167061
46.9 0.002421733251895967 -0.0042381716698716675 -0.010356019498010266
47.0 0.002151935384898192 -0.004391105337732741 -0.01034889783070353
47.1 0.0018730964499621074 -0.004526557124980089 -0.010344990354224343
47.2 0.0015863815609467023 -0.0046439722478307304 -0.010344294710138063
47.3 0.001292978691661784 -0.004742895359551165 -0.010346552908818057
47.4 0.0009940890137700071 -0.004822968279741333 -0.010351320420524307
47.5 0.0006909193845789499 -0.004883924836693386 -0.010358052574201942
47.6 0.0003846772561635103 -0.004925583977108509 -0.010366194094915515
47.7 7.656785212134515e-5 -0.004947842422537339 -0.010375257695962814
47.8 -0.00023220692122313558 -0.004950668063786211 -0.010384879938421854
47.9 -0.0005404486298523615 -0.004934095010000211 -0.010394846685089526
48.0 -0.0008469624450846537 -0.004898220805778364 -0.010405085727783148
48.1 -0.0011505581058152156 -0.0048432058742506915 -0.010415629705926355
48.2 -0.001450052345417042 -0.004769274818132184 -0.010426557371586431
48.3 -0.0017442730920787196 -0.0046767188861011715 -0.010437924805556054
48.4 -0.002032065376893325 -0.00456589873801071 -0.010449699794495393
48.5 -0.0023122985320278453 -0.004437246639279637 -0.01046171199576787
48.6 -0.0025838739957914003 -0.004291267370461127 -0.010473628852341488
48.7 -0.0028457329087447757 -0.004128537412860005 -0.010484962913808904
48.8 -0.0030968627060450247 -0.003949702306603676 -0.010495110968662291
48.9 -0.0033363020780820167 -0.003755472408016197 -0.010503420045117617
49.0 -0.00356314395025289 -0.0035466175379595018 -0.010509270750588107
49.1 -0.0037765364702813057 -0.0033239611674214103 -0.010512165329417095
49.2 -0.003975682325900888 -0.003088374809613574 -0.010511806720649108
49.3 -0.00415983698789246 -0.0028407731833071594 -0.01050815597006588
49.4 -0.004328306637300565 -0.002582110507432838 -0.010501458429609617
49.5 -0.004480446566120167 -0.002313378026019547 -0.010492233779471144
49.6 -0.004615660736977083 -0.0020356025967472775 -0.01048123031325729
49.7 -0.00473340297171847 -0.0017498459546498471 -0.010469349289380397
49.8 -0.004833179951893485 -0.0014572041223774174 -0.010457549634771246
49.9 -0.004914555906064647 -0.0011588064002424764 -0.010446746196249912
50.0 -0.004977158580691104 -0.0008558134335039679 -0.010437715623241112
50.1 -0.005020685885526465 -0.0005494140032525369 -0.01043102270627605
50.2 -0.0050449124987372775 -0.000240820389506686 -0.010426976798201787
50.3 -0.00504969572060192 6.873762750924447e-5 -0.01042562331902927
50.4 -0.005034979968559704 0.00037801986688690243 -0.010426770022825521
50.5 -0.005000799486528322 0.0006857835439198555 -0.010430042518460358
50.6 -0.004947279064275958 0.0009907912894668244 -0.010434959291423851
50.7 -0.004874632791957171 0.0012918189209384487 -0.010441013821915424
50.8 -0.004783161078017586 0.0015876625651723099 -0.010447750728159205
50.9 -0.004673246311168176 0.0018771448531691034 -0.010454824262934204
51.0 -0.004545347635780821 0.002159120051211871 -0.010462030706225034
51.1 -0.004399995332872814 0.0024324781378551766 -0.010469310695966294
51.2 -0.004237785263349004 0.002696147960890313 -0.010476722591619386
51.3 -0.004059373750175745 0.002949099698489463 -0.010484392758965039
51.4 -0.0038654731680856087 0.003190346897542975 -0.010492452436691002
51.5 -0.003656848389046005 0.0034189483701796935 -0.010500972999584579
51.6 -0.0034343141119736915 0.0036340102022194743 -0.010509911636740643
51.7 -0.0031987329952197652 0.0038346880734326837 -0.010519077695915646
51.8 -0.0029510144159776057 0.004020190018369944 -0.010528126499829288
51.9 -0.002692113605651306 0.00418977967654686 -0.010536582878138384
52.0 -0.00242303085729886 0.004342779998905863 -0.010543891714201475
52.1 -0.0021448104738377035 0.004478577299268781 -0.010549488273001756
52.2 -0.0018585391276611208 0.004596625469910844 -0.010552877681486522
52.3 -0.0015653433373160929 0.0046964501247412326 -0.010553711216864214
52.4 -0.0012663858369146165 0.00477765239776803 -0.010551847298356981
52.5 -0.0009628607172401855 0.004839912115009029 -0.01054738723661508
52.6 -0.0006559873471236718 0.0048829900804573684 -0.010540679534026792
52.7 -0.0003470032267616379 0.00490672927434998 -0.01053229126073199
52.8 -3.715606316957178e-5 0.004911054853697015 -0.010522950011343984
52.9 0.0002723045289569688 0.0048959729637163465 -0.010513464397761518
53.0 0.0005801352304471859 0.004861568501110748 -0.01050463425889328
53.1 0.000885106648608514 0.004808002097240587 -0.010497163270543425
53.2 0.001186009962404345 0.0047355066895565226 -0.010491586192062752
53.3 0.0014816622957558164 0.004644384102453309 -0.010488220670108211
53.4 0.0017709107089811619 0.0045350020484688286 -0.010487149708346882
53.5 0.0020526348971711917 0.004407791881216441 -0.010488236208806317
53.6 0.0023257488733549343 0.004263247288269391 -0.010491166136835844
53.7 0.0025892020605205734 0.004101923923674045 -0.010495512615745717
53.8 0.002841980292414348 0.003924439774819632 -0.010500810274777367
53.9 0.0030831072120928314 0.003731475872454582 -0.010506627909031063
54.0 0.0033116464582220876 0.0035237768214243176 -0.010512628139337565
54.1 0.0035267048570659315 0.0033021505824081493 -0.010518605162570777
54.2 0.0037274366223007593 0.003067466987932618 -0.010524495457896882
54.3 0.0039130483440933264 0.0028206546283718816 -0.010530360846517456
54.4 0.004082804364481098 0.002562695976126556 -0.010536347863857348
54.5 0.004236032023943497 0.0022946208927268155 -0.010542631264743696
54.6 0.0043721262474778625 0.0020174989372757483 -0.010549352033426468
54.7 0.004490553023280555 0.0017324311154457487 -0.010556561112975343
54.8 0.0045908514997758535 0.0014405418322377046 -0.010564179077606678
54.9 0.004672634656223242 0.0011429718098692567 -0.010571979316926855
55.0 0.004735588745547511 0.0008408725964402955 -0.0105795984144611
55.1 0.004779471918364638 0.0005354030373821625 -0.010586572911890801
55.2 0.004804112572389885 0.00022772774839671352 -0.010592397276013854
55.3 0.0048094080028073475 -8.098272971492391e-5 -0.010596594326170189
55.4 0.004795323847271529 -0.00038955073514918107 -0.010598787205010951
55.5 0.004761894636225308 -0.0006967901148075414 -0.010598761530305756
55.6 0.004709225507255466 -0.0010015056328871242 -0.010596507722079845
55.7 0.004637494867591349 -0.0013024940379344253 -0.01059223644386531
55.8 0.004546957543542144 -0.0015985474405957871 -0.01058636416371192
55.9 0.004437947787390491 -0.001888459306964193 -0.010579470390803036
56.0 0.004310881455233614 -0.0021710329608975714 -0.010572232461134284
56.1 0.004166256737382236 -0.002445092081205512 -0.010565347155758631
56.2 0.004004653006702092 -0.002709492345113189 -0.010559450407325338
56.3 0.003826727618196014 -0.0029631331654425327 -0.010555046581715716
56.4 0.0036332107973642623 -0.0032049684310140577 -0.010552457285393113
56.5 0.0034248990400635978 -0.0034340152952227402 -0.01055179659435962
56.6 0.003202647660264357 -0.00364936034400873 -0.010552975514820984
56.7 0.002967363224665511 -0.0038501628630536115 -0.010555734014424
56.8 0.0027199965853151975 -0.00403565534921758 -0.010559694806750286
56.9 0.0024615370682388696 -0.004205141801314661 -0.010564429878929443
57.0 0.0021930081258871056 -0.004357994615675534 -0.010569529012060402
57.1 0.0019154644604652401 -0.004493651056032167 -0.010574659515333734
57.2 0.0016299903297830546 -0.004611610244696048 -0.010579608063763596
57.3 0.0013376985118701793 -0.00471143144178586 -0.010584298613709936
57.4 0.0010397292727301112 -0.004792734077402044 -0.010588784368350118
57.5 0.0007372486770803302 -0.0048551996344617 -0.010593216032116215
57.6 0.00043144570477695243 -0.004898575113337069 -0.010597792448191229
57.7 0.00012352786206287135 -0.0049226775071757305 -0.010602702545428444
57.8 -0.00018528473630092195 -0.004927398529022688 -0.010608068884783634
57.9 -0.0004937665445138555 -0.004912708786658898 -0.010613902783295243
58.0 -0.000800694508352984 -0.004878660700197345 -0.01062007906355869
58.1 -0.0011048560674646283 -0.004825389676920643 -0.010626335245233515
58.2 -0.0014050565425872124 -0.004753113353126938 -0.010632295984081247
58.3 -0.0017001253105396296 -0.004662129027734681 -0.010637519415678365
58.4 -0.0019889203757895045 -0.004552809689819452 -0.010641558439483001
58.5 -0.002270331223869129 -0.004425599234196684 -0.010644027460087274
58.6 -0.002543280138342911 -0.004281007535259141 -0.010644664087267386
58.7 -0.0028067224259977477 -0.0041196060014710555 -0.010643375945883132
58.8 -0.0030596461778977114 -0.0039420240758682315 -0.010640264956642387
58.9 -0.0033010722652790205 -0.0037489469152672114 -0.010635624870994537
59.0 -0.0035300552179792295 -0.003541114218214013 -0.010629911936606784
59.1 -0.0037456854699638806 -0.003319319927635583 -0.010623692690313769
59.2 -0.003947093211658921 -0.0030844123513942157 -0.01061757637666172
59.3 -0.004133453805807754 -0.002837294151779501 -0.010612141824259375
59.4 -0.00430399445102321 -0.002578921664849157 -0.010607869419264254
59.5 -0.004458001560292981 -0.002310303114903185 -0.010605087974584954
59.6 -0.004594828194164219 -0.002032495464364729 -0.010603943945279248
59.7 -0.004713900867286806 -0.0017465998500673283 -0.010604396961179069
59.8 -0.004814725130881524 -0.0014537557645129743 -0.010606241587378412
59.9 -0.004896889503397051 -0.0011551343096299987 -0.010609151222562813
60.0 -0.004960067545139247 -0.0008519309548649619 -0.010612736728800254
60.1 -0.005004018111235863 -0.0005453582585493921 -0.010616610268931875
60.2 -0.005028584032642139 -0.0002366389634444114 -0.010620444230790838
60.3 -0.005033689635674923 7.300023088550298e-5 -0.010624016119688495
60.4 -0.0050193375969503585 0.00038233406051112656 -0.010627232729990999
60.5 -0.004985605636736584 0.0006901432484521161 -0.010630130364447876
60.6 -0.004932643487105577 0.0009952183429855657 -0.010632851799622145
60.7 -0.004860670450064829 0.0012963630663812987 -0.010635604469322879
60.8 -0.004769973709642205 0.0015923974428361698 -0.010638607355116625
60.9 -0.004660907406603791 0.0018821609683322478 -0.010642035859676102
61.0 -0.0045338923479927755 0.002164516035396806 -0.010645974216374143
61.1 -0.004389416122403858 0.0024383517462167876 -0.010650383721734102
61.2 -0.004228033334230446 0.002702588155116922 -0.010655092475782002
61.3 -0.00405036565648114 0.0029561808924717637 -0.010659808798662684
61.4 -0.0038571014262057408 0.003198126049592452 -0.01066415662579781
61.5 -0.003648994559248674 0.0034274651560794343 -0.010667727584884462
61.6 -0.003426862630833741 0.003643290060147419 -0.01067014170005634
61.7 -0.00319158404523167 0.003844747526528582 -0.01067110718966599
61.8 -0.002944094293622969 0.00403104339082546 -0.010670469857224363
61.9 -0.0026853813690969125 0.004201446147293941 -0.010668244115076359
62.0 -0.00241648046847136 0.004355289893117002 -0.010664620481373094
62.1 -0.002138468160316246 0.00449197660151344 -0.010659948010044246
62.2 -0.0018524562352280202 0.004610977745135082 -0.01065469397958102
62.3 -0.0015595854752601895 0.004711835337729062 -0.010649386669932231
62.4 -0.0012610195810522657 0.00479416250349908 -0.0106445496497449
62.5 -0.0009579394741825992 0.004857643716935934 -0.010640637273468034
62.6 -0.0006515381466353484 0.004902034876927331 -0.010637980855094514
62.7 -0.0003430161600018914 0.004927163382845691 -0.010636753286126649
62.8 -3.357780918206274e-5 0.004932928362587238 -0.010636956972607414
62.9 0.0002755721314006664 0.004919301160506134 -0.010638436341375596
63.0 0.0005832312533295451 0.004886326127710082 -0.010640912380690565
63.1 0.0008882021981559595 0.0048341216736935855 -0.0106440333304067
63.2 0.001189295464529211 0.004762881447147686 -0.010647433244602211
63.3 0.0014853326164266626 0.004672875429400136 -0.010650789082168377
63.4 0.0017751501148855647 0.004564450662575963 -0.010653867396519273
63.5 0.0020576038961564215 0.004438031311410038 -0.010656553514741679
63.6 0.002331574689164771 0.004294117783350819 -0.010658859020299394
63.7 0.0025959739250994715 0.0041332847093195416 -0.010660906909738366
63.8 0.00284974996629384 0.003956177710948803 -0.01066289741236981
63.9 0.0030918942941102322 0.003763509033429154 -0.010665060568397
64.0 0.0033214472649529567 0.003556052282488758 -0.010667603763256261
64.1 0.0035375030791035696 0.003334636641566243 -0.010670663186027773
64.2 0.0037392137062688315 0.0031001410336676666 -0.010674267502082613
64.3 0.003925791659880229 0.002853488710540557 -0.010678320019541165
64.4 0.004096511684402302 0.0025956426892578084 -0.010682602611913616
64.5 0.0042507115854156 0.00232760231653189 -0.010686801119823203
64.6 0.0043877925598024255 0.0020504010421350796 -0.01069054846074946
64.7 0.004507219447580914 0.001765105254969249 -0.010693478780928856
64.8 0.004608521313123044 0.0014728138167722014 -0.01069528414933732
64.9 0.0046912926711824305 0.0011746577585794696 -0.010695764810539021
65.0 0.004755195516912207 0.0008717995171470632 -0.010694864954042288
65.1 0.004799962126003958 0.0005654311035113405 -0.01069268817379071
65.2 0.0048253983964508295 0.00025677071739878764 -0.010689489929553098
65.3 0.004831387343933707 -5.294246580388954e-5 -0.010685647885624927
65.4 0.004817892269630189 -0.00036245533643386316 -0.010681614429423364
65.5 0.004784959111921712 -0.0006705094336435849 -0.01067785842386268
65.6 0.004732717575809743 -0.0009758505295369292 -0.010674804892648854
65.7 0.004661380792736989 -0.0012772384978983222 -0.010672781622507926
65.8 0.004571243471029213 -0.00157345668602531 -0.0106719805516437
65.9 0.0044626787155822 -0.0018633200679374095 -0.010672439481079377
66.0 0.004336133884178679 -0.0021456816343823418 -0.01067404646748879
66.1 0.00419212597129469 -0.0024194367415364773 -0.010676565736295995
66.2 0.004031237044616157 -0.00268352545191622 -0.010679680647072864
66.3 0.0038541101974686794 -0.0029369332051421507 -0.01068304666762665
66.4 0.0036614463329052243 -0.0031786904009408292 -0.010686345868383185
66.5 0.003454001889607459 -0.0034078716202550533 -0.010689334353769925
66.6 0.0032325873946934393 -0.003623595228261433 -0.010691875306755777
66.7 0.002998066526753279 -0.0038250239930828394 -0.010693952727150624
66.8 0.0027513552326777113 -0.004011367136097874 -0.010695664104535402
66.9 0.0024934203913605625 -0.004181883942851935 -0.01069719367640179
67.0 0.0022252775666305657 -0.004335888758340202 -0.01069877103842698
67.1 0.0019479875323509916 -0.0044727569202659525 -0.010700622203414528
67.2 0.0016626514586351648 -0.004591930995303273 -0.010702921382494401
67.3 0.001370404881005477 -0.0046929266078844815 -0.010705751605462666
67.4 0.001072410790118507 -0.004775337199541989 -0.01070908083797914
67.5 0.0007698523373346133 -0.004838837218167823 -0.01071275772968966
67.6 0.0004639257205187133 -0.004883183479788821 -0.010716527944945542
67.7 0.0001558337810860664 -0.004908214725831627 -0.010720068695504598
67.8 -0.00015321928740112412 -0.00491384966614363 -0.010723036143061776
67.9 -0.0004620319234863721 -0.00490008400566497 -0.010725118237152054
68.0 -0.0007694079208542444 -0.004866987065961856 -0.01072608463331412
68.1 -0.0010741581704010886 -0.004814698615016376 -0.010725825741426498
68.2 -0.0013751018859013689 -0.00474342641321156 -0.010724374618718113
68.3 -0.0016710678785317617 -0.004653444792900013 -0.010721908080767867
68.4 -0.0019608964442809416 -0.00454509435018502 -0.010718726635248893
68.5 -0.0022434423252732354 -0.00441878258465942 -0.010715216136461508
68.6 -0.002517579019745757 -0.004274985118909334 -0.010711796894838838
68.7 -0.0027822044789630003 -0.004114246998928281 -0.010708867909766634
68.8 -0.003036247984370047 -0.003937183538988167 -0.01070675462494608
68.9 -0.0032786777872329505 -0.0037444802322846027 -0.010705668022878034
69.0 -0.0035085089515630007 -0.003536891387052558 -0.010705681076091711
69.1 -0.003724810792012113 -0.0033152373384966608 -0.01070672584566093
69.2 -0.003926713347725441 -0.003080400293703996 -0.010708611295736165
69.3 -0.004113412469770361 -0.0028333190527828483 -0.010711058685165059
69.4 -0.004284173298015281 -0.002574982983767487 -0.010713748708007481
69.5 -0.004438332127951902 -0.002306425691473917 -0.01071637280369847
69.6 -0.004575296880764024 -0.002028718805653693 -0.01071868051408037
69.7 -0.004694546556570292 -0.0017429662298537967 -0.010720515506063039
69.8 -0.004795630146497105 -0.0014502990594290961 -0.010721834779110873
69.9 -0.004878165492709306 -0.0011518712224914576 -0.01072270832770636
70.0 -0.004941838519897513 -0.0008488557502800019 -0.010723299689240434
70.1 -0.004986403133200204 -0.0005424414688536344 -0.010723830873684448
70.2 -0.0050116819116065815 -0.00023382983950609568 -0.010724537657137767
70.3 -0.005017567552279581 7.576833228757813e-5 -0.01072562273519534
70.4 -0.005004024868446906 0.0003851365542696031 -0.010727214538514357
70.5 -0.004971093034025475 0.0006930568209175576 -0.010729338569005598
70.6 -0.00491888771521302 0.0009983143469686196 -0.010731906076037134
70.7 -0.004847602735525161 0.001299702798919679 -0.010734722086617354
70.8 -0.004757510978949405 0.0015960298751226127 -0.010737511680358997
70.9 -0.004648964331291743 0.001886123029523667 -0.010739960456724595
71.0 -0.004522392573626877 0.00216883511634552 -0.010741762845998454
71.1 -0.004378301254944818 0.002443049751751872 -0.010742670629642653
71.2 -0.004217268667467846 0.0027076862361958207 -0.010742533962359774
71.3 -0.004039942116756502 0.0029617039462374937 -0.010741328336487554
71.4 -0.0038470337147961386 0.0032041061743157315 -0.010739163115364436
71.5 -0.0036393159286556972 0.003433943457698302 -0.01073627013850248
71.6 -0.003417617095269528 0.003650316485187206 -0.010732974012009178
71.7 -0.0031828170720366376 0.0038523786976831613 -0.01072964855171718
71.8 -0.002935843141334347 0.004039338705991249 -0.010726665994686635
71.9 -0.002677666231707636 0.004210462638918724 -0.010724346701148496
72.0 -0.0024092974645707563 0.004365076511174454 -0.01072291696317787
72.1 -0.0021317849859979663 0.004502568668653107 -0.010722481239702125
72.2 -0.001846211000548798 0.004622392332518566 -0.010723012859231468
72.3 -0.0015536888895932462 0.004724068226156751 -0.010724364334832759
72.4 -0.0012553602721505086 0.004807187232592123 -0.010726295379386491
72.5 -0.0009523918544330733 0.004871412995965464 -0.010728513975093862
72.6 -0.0006459719181618733 0.004916484351092081 -0.010730723868072611
72.7 -0.0003373063200393571 0.004942217442727951 -0.010732670934868627
72.8 -2.7613916735282312e-5 0.004948507384746087 -0.010734181141769022
72.9 0.00028187861017591094 0.0049353293132142284 -0.010735184239100304
73.0 0.0005899424817647505 0.004902738710060422 -0.010735719669287241
73.1 0.0008953529767899034 0.004850870917405453 -0.010735924043607709
73.2 0.0011968958189633127 0.00477993982525556 -0.010736002499502795
73.3 0.0014933735505457159 0.004690235791551013 -0.010736188818304376
73.4 0.00178361162654547 0.004582122933901845 -0.010736700956871792
73.5 0.0020664639819821633 0.004456036003960289 -0.01073769934819463
73.6 0.002340817882187977 0.004312477104420309 -0.010739254848893875
73.7 0.0026055979571224922 0.004152012522763609 -0.010741331636836327
73.8 0.0028597694325011767 0.003975269927138419 -0.010743787944248573
73.9 0.003102340685299619 0.003782936096946885 -0.010746394638259882
74.0 0.003332365348740665 0.003575755250691006 -0.010748868789979826
74.1 0.003548944253510874 0.0033545279011559567 -0.01075091696106642
74.2 0.003751227504149821 0.003120110033961539 -0.010752281365371458
74.3 0.00393841694704615 0.002873412293581766 -0.010752781579906723
74.4 0.004109769193850013 0.002615398793411459 -0.01075234515840981
74.5 0.004264599235639209 0.0023470851598441354 -0.010751022232223212
74.6 0.004402284540705632 0.0020695354815928654 -0.010748981690650528
74.7 0.004522269397979481 0.0017838579599074975 -0.010746489418462957
74.8 0.0046240691736279356 0.0014911992263326255 -0.010743871874993094
74.9 0.004707274109277956 0.001192737485916117 -0.0107414705846621
75.0 0.00477155231601806 0.0008896748234685323 -0.010739594514105222
75.1 0.004816651706406058 0.0005832291466553371 -0.010738477617610959
75.2 0.004842400742833215 0.0002746263062692578 -0.010738247996358224
75.3 0.0048487080409249485 -3.490708421306234e-5 -0.010738913274077055
75.4 0.004835561022020172 -0.00034414971161447663 -0.010740364237024291
75.5 0.004803023930110016 -0.0006518902657017605 -0.010742395925342596
75.6 0.00475123559259754 -0.0009569307577066275 -0.01074474264808023
75.7 0.0046804072978637356 -0.001258088657401739 -0.010747121252658448
75.8 0.004590821086040614 -0.001554198246271552 -0.010749275745772696
75.9 0.0044828286161636855 -0.0018441117129849717 -0.010751016226190596
76.0 0.0043568506076963566 -0.0021267005560140846 -0.010752246065923288
76.1 0.004213376688600534 -0.002400857798399046 -0.010752973203890709
76.2 0.004052965347688248 -0.002665501370089022 -0.010753303985172158
76.3 0.003876243612507652 -0.0029195787988060577 -0.010753420778613743
76.4 0.0036839060713883443 -0.003162073107626024 -0.010753547191022783
76.5 0.003476712931456169 -0.003392009588520448 -0.010753906658473505
76.6 0.0032554869408213142 -0.0036084629460047457 -0.010754681225827484
76.7 0.003021109177759257 -0.0038105642145463414 -0.01075597726521546
76.8 0.002774513889771069 -0.003997506863456148 -0.010757803746943045
76.9 0.0025166827165452716 -0.0041685516118057445 -0.010760066646998051
77.0 0.002248638723626667 -0.004323029664211428 -0.010762580479627637
77.1 0.0019714406892487307 -0.0044603443128901745 -0.010765095195320484
77.2 0.0016861780209201337 -0.004579971090998701 -0.010767334220971647
77.3 0.0013939665419680336 -0.004681456865188486 -0.010769037630115857
77.4 0.0010959452058173173 -0.004764418386743459 -0.01077000359903968
77.5 0.0007932736008148776 -0.004828540858905547 -0.010770121559018048
77.6 0.00048712993712416667 -0.004873577018168442 -0.010769391752955437
77.7 0.00017870909185493396 -0.004899347081961247 -0.010767928038717928
77.8 -0.00013077974871266297 -0.004905739711682749 -0.010765943411872925
77.9 -0.0004401162623170553 -0.004892713915560831 -0.010763720430644774
78.0 -0.0007480732651261328 -0.004860301610176039 -0.010761571087635396
78.1 -0.0010534221906448235 -0.0048086104081824805 -0.010759792314487843
78.2 -0.0013549396704432178 -0.004737826127584387 -0.01075862397077415
78.3 -0.0016514149213539345 -0.004648214534915039 -0.010758215755318323
78.4 -0.0019416574985761054 -0.0045401219347153835 -0.010758608056120472
78.5 -0.002224504901857498 -0.0044139743802466104 -0.010759729552198005
78.6 -0.0024988295348841267 -0.004270275474574696 -0.010761411747354843
78.7 -0.0027635446131402328 -0.004109602921892239 -0.010763417969271105
78.8 -0.003017608775299844 -0.003932604143250462 -0.010765482124515141
78.9 -0.0032600293490521737 -0.0037399913638406146 -0.010767351012884563
79.0 -0.003489864419782777 -0.0035325365978255887 -0.01076882350371397
79.1 -0.0037062240159347914 -0.0033110669025855216 -0.010769780436193921
79.2 -0.003908270830855018 -0.0030764601611772075 -0.01077020063148984
79.3 -0.004095220931400706 -0.0028296415036105933 -0.010770160649999166
79.4 -0.004266344856080802 -0.0025715803228726383 -0.010769818533406333
79.5 -0.004420969391131129 -0.0023032877085100802 -0.010769384323762787
79.6 -0.0045584801538720784 -0.002025814031337768 -0.010769082246248618
79.7 -0.004678324937801906 -0.0017402463803813622 -0.010769110748778787
79.8 -0.004780017613315016 -0.001447705579223509 -0.01076960690622536
79.9 -0.004863142257824527 -0.0011493425845016422 -0.01077062097396625
80.0 -0.0049273571271696405 -0.0008463341770762097 -0.01077210523350336
