0.1 0.0
0.2 0.009975041636917203
0.3 0.03920767757998933
0.4 0.08597295064688315
0.5 0.147556264745343
0.6 0.22047406608676284
0.7 0.3007522742946661
0.8 0.3842360286710723
0.9 0.4669018653741871
1.0 0.5451439924204671
1.1 0.6160097635750619
1.2 0.6773653349776543
1.3 0.7279801238403953
1.4 0.7675272040226139
1.5 0.7965052229734781
1.6 0.8160948997257211
1.7 0.8279688958128861
1.8 0.834077295585126
1.9 0.8364318239573998
2.0 0.8369103021577309
2.1 0.8370990133920053
2.2 0.8381851733637238
2.3 0.8409052882918949
2.4 0.8455486175917718
2.5 0.8520089954738375
2.6 0.8598735466735514
2.7 0.8685338127852328
2.8 0.8773037144951874
2.9 0.8855295948454851
3.0 0.8926800753776339
3.1 0.8984071820848059
3.2 0.9025746125061693
3.3 0.9052535244524635
3.4 0.9066902673751962
3.5 0.9072535854155999
3.6 0.9073706839037489
3.7 0.9074620365532491
3.8 0.9078839721151027
3.9 0.9088861359643474
4.0 0.9105882195170272
4.1 0.9129773066696639
4.2 0.9159242329074994
4.3 0.9192148761518038
4.4 0.9225905927960302
4.5 0.9257912466515265
4.6 0.9285944820568117
4.7 0.9308459611520465
4.8 0.932477004789507
4.9 0.9335081583850207
5.0 0.9340393310972969
5.1 0.9342290277695048
5.2 0.9342665640030887
5.3 0.9343418683225051
5.4 0.9346174774030065
5.5 0.9352066707902071
5.6 0.9361605104860738
5.7 0.9374650531455073
5.8 0.9390484249988538
5.9 0.9407960246153411
6.0 0.9425710422137504
6.1 0.9442368897028283
6.2 0.945678078591274
6.3 0.9468165376988497
6.4 0.9476212309246316
6.5 0.9481100647787718
6.6 0.9483442844268428
6.7 0.9484166632625759
6.8 0.9484356376748757
6.9 0.9485080159196956
7.0 0.9487229486366365
7.1 0.9491395035883157
7.2 0.9497795125005003
7.3 0.9506264718927071
7.4 0.9516303258426111
7.5 0.9527170825733745
7.6 0.9538015450611192
7.7 0.9548010581569477
7.8 0.9556481321557894
7.9 0.9563000844246132
8.0 0.9567443879297051
8.1 0.9569991326820513
8.2 0.9571087770512174
8.3 0.9571360719075963
8.4 0.9571515783690782
8.5 0.9572224966391769
8.6 0.9574025456648927
8.7 0.9577243905863226
8.8 0.9581956563327207
8.9 0.9587989706119233
9.0 0.9594958442397213
9.1 0.9602336194896914
9.2 0.9609542829521722
9.3 0.9616037078311297
9.4 0.9621398881322929
9.5 0.9625389441842644
9.6 0.9627980729995889
9.7 0.9629351206035783
9.8 0.9629849851686363
9.9 0.9629935374046947
10.0 0.963010097390699
10.1 0.9630796861398057
10.2 0.9632362553279594
10.3 0.9634978997323959
10.4 0.9638647118597461
10.5 0.9643195054847358
10.6 0.9648311841384473
10.7 0.9653601317864635
10.8 0.9658647151299278
10.9 0.9663078502153712
11.0 0.9666626155894666
11.1 0.9669160794042645
11.2 0.9670708144863697
11.3 0.9671439517629445
11.4 0.9671640082564199
11.5 0.9671660613053938
11.6 0.9671860759366457
11.7 0.9672552947140414
11.8 0.9673955577249701
11.9 0.9676162461678544
12.0 0.9679132676133984
12.1 0.9682701704384846
12.2 0.9686611420837176
12.3 0.9690553620603712
12.4 0.9694219883229238
12.5 0.9697349813184971
12.6 0.969977021392328
12.7 0.9701419402427518
12.8 0.9702353365004819
12.9 0.9702733380661845
13.0 0.9702797628193542
13.1 0.970282170138683
13.2 0.9703074525748001
13.3 0.9703776682174391
13.4 0.9705067552389345
13.5 0.9706986132121601
13.6 0.9709468084569047
13.7 0.9712359002683872
13.8 0.9715441327379948
13.9 0.9718470319777248
14.0 0.972121321214056
14.1 0.9723485339768366
14.2 0.9725177707214874
14.3 0.9726271936763877
14.4 0.972684062962726
14.5 0.972703349946686
14.6 0.9727051845073751
14.7 0.9727115674778094
14.8 0.9727428820020215
14.9 0.9728147541179799
15.0 0.9729357432151502
15.1 0.9731062003891273
15.2 0.9733184413239399
15.3 0.9735581712090722
15.4 0.9738069054901377
15.5 0.9740449816146486
15.6 0.9742546753843426
15.7 0.9744229320155673
15.8 0.9745432949636985
15.9 0.9746167517359214
16.0 0.9746513923378564
16.1 0.974660964190563
16.2 0.9746625777001237
16.3 0.9746739429120463
16.4 0.9747105814543358
16.5 0.9747834507160495
16.6 0.9748973418307081
16.7 0.975050283175143
16.8 0.9752340180834684
16.9 0.9754354557842404
17.0 0.97563884478051
17.1 0.9758283108873076
17.2 0.9759903537002668
17.3 0.9761159114116467
17.4 0.9762016807458944
17.5 0.9762505027553625
17.6 0.9762707758904596
17.7 0.9762750110011471
17.8 0.9762777745890046
17.9 0.9762933568064018
18.0 0.9763335360825809
18.1 0.9764057886335957
18.2 0.9765122135551334
18.3 0.9766493259193705
18.4 0.9768087309016262
18.5 0.9769785535731226
18.6 0.9771453833209899
18.7 0.9772964165360005
18.8 0.9774214570155764
18.9 0.9775144633177608
19.0 0.9775744100731474
19.1 0.9776053428773982
19.2 0.977615635493029
19.3 0.9776165829803763
19.4 0.977620565761483
19.5 0.9776390819452341
19.6 0.9776809596471179
19.7 0.9777510262961324
19.8 0.977849434373425
19.9 0.977971735904317
20.0 0.9781096785593275
20.1 0.9782525834814392
20.2 0.9783890765120822
20.3 0.9785088935843926
20.4 0.9786044750997528
20.5 0.9786721029613097
20.6 0.9787124107014533
20.7 0.9787301990311339
20.8 0.9787335995477315
20.9 0.9787327309567568
21.0 0.9787380690438574
21.1 0.9787587922859233
21.2 0.9788013637568682
21.3 0.978868567745908
21.4 0.9789591438711618
21.5 0.979068064783026
21.6 0.9791874014864494
21.7 0.979307629019013
21.8 0.9794191587127565
21.9 0.9795138517075438
22.0 0.9795862759027721
22.1 0.9796345133126463
22.2 0.9796603991212194
22.3 0.9796691652673839
22.4 0.9796685556116147
22.5 0.9796675616183473
22.6 0.9796749844765007
22.7 0.9796980531909343
22.8 0.9797413151774208
22.9 0.9798059691696408
23.0 0.9798897375772737
23.1 0.9799872887970207
23.2 0.9800911332640383
23.3 0.9801928437525566
23.4 0.9802844020630996
23.5 0.9803594577700292
23.6 0.9804143022700942
23.7 0.9804484096373182
23.8 0.9804644665056179
23.9 0.9804678950422434
24.0 0.9804659528059732
24.1 0.9804665584860703
24.2 0.9804770331997732
24.3 0.9805029570767279
24.4 0.9805473193969668
24.5 0.9806100913088289
24.6 0.9806882814370662
24.7 0.9807764576578732
24.8 0.9808676451042738
24.9 0.9809544527178473
25.0 0.9810302470460788
25.1 0.9810901874865232
25.2 0.9811319620547445
25.3 0.9811561124865378
25.4 0.9811659040306664
25.5 0.9811667677275526
25.6 0.9811654098922504
25.7 0.9811687344971212
25.8 0.9811827512821569
25.9 0.9812116419976324
26.0 0.9812571295335895
26.1 0.9813182446841213
26.2 0.9813915211771462
26.3 0.9814715815662779
26.4 0.9815520155913984
26.5 0.9816264079972488
26.6 0.9816893514207636
26.7 0.9817372848515824
26.8 0.9817690280413502
26.9 0.9817859321849549
27.0 0.9817916288780033
27.1 0.9817914229630086
27.2 0.9817914303815266
27.3 0.9817976008018137
27.4 0.9818147809347019
27.5 0.9818459657043321
27.6 0.9818918526397034
27.7 0.9819507653695935
27.8 0.9820189528722694
27.9 0.982091211814464
28.0 0.9821617290927056
28.1 0.9822250084381782
28.2 0.9822767336815104
28.3 0.9823144333323031
28.4 0.9823378444581419
28.5 0.982348922720508
28.6 0.982351502002373
28.7 0.9823506623348439
28.8 0.9823519099768716
28.9 0.9823603017297828
29.0 0.9823796524929442
29.1 0.9824119499829429
29.2 0.9824570661527787
29.3 0.98251280672747
29.4 0.9825752863821542
29.5 0.9826395658385018
29.6 0.9827004466824076
29.7 0.9827532962687404
29.8 0.9827947720187729
29.9 0.98282333212244
30.0 0.9828394548856181
30.1 0.9828455360060556
30.2 0.9828454843590422
30.3 0.9828440841500928
30.4 0.9828462273231862
30.5 0.9828561391933117
30.6 0.9828767197042291
30.7 0.9829091028659461
30.8 0.9829525010656931
30.9 0.9830043551249412
31.0 0.9830607623871878
31.1 0.9831171115624056
31.2 0.9831688213552052
31.3 0.9832120647930244
31.4 0.9832443650021913
31.5 0.9832649699351661
31.6 0.9832749496556795
31.7 0.9832770043754251
31.8 0.9832750172352632
31.9 0.9832734257703939
32.0 0.9832765136891131
32.1 0.9832877358994176
32.2 0.9833091830739029
32.3 0.9833412686313606
32.4 0.9833826848306373
32.5 0.9834306315820754
32.6 0.9834812784387705
32.7 0.9835303838333886
32.8 0.9835739717395875
32.9 0.983608958059964
33.0 0.983633628327269
33.1 0.9836478930027857
33.2 0.983653282679848
33.3 0.9836526871138578
33.4 0.9836498824048563
33.5 0.9836489236437598
33.6 0.9836535006821165
33.7 0.9836663593120973
33.8 0.9836888786310314
33.9 0.983720869563622
34.0 0.9837606238002734
34.1 0.9838052024846977
34.2 0.9838509161643718
34.3 0.9838939178881181
34.4 0.9839308143214229
34.5 0.983959198022849
34.6 0.9839780176216191
34.7 0.9839877291889103
34.8 0.9839902073890869
34.9 0.9839884331932764
35.0 0.9839860100960138
35.1 0.9839865873128654
35.2 0.9839932822175067
35.3 0.984008193398795
35.4 0.9840320803247575
35.5 0.9840642584183291
35.6 0.9841027237492135
35.7 0.9841444850378764
35.8 0.9841860481739302
35.9 0.9842239749078725
36.0 0.9842554265292657
36.1 0.9842786067115152
36.2 0.9842930345554518
36.3 0.9842996065162931
36.4 0.9843004397060185
36.5 0.984298523740014
36.6 0.9842972382903732
36.7 0.9842998140909088
36.8 0.9843088232866333
36.9 0.9843257794214317
37.0 0.9843509091741223
37.1 0.9843831301323716
37.2 0.9844202359015963
37.3 0.9844592570815978
37.4 0.9844969391271844
37.5 0.9845302602645878
37.6 0.9845569071194317
37.7 0.9845756332302676
37.8 0.9845864449762676
37.9 0.9845905872957035
38.0 0.984590333550212
38.1 0.9845886148351902
38.2 0.9845885490305735
38.3 0.9845929451660393
38.4 0.9846038617652202
38.5 0.9846222885022515
38.6 0.9846480002910414
38.7 0.984679605105309
38.8 0.9847147760026205
38.9 0.9847506287448711
39.0 0.9847841837832951
39.1 0.9848128386575725
39.2 0.9848347759212484
39.3 0.9848492427074447
39.4 0.984856658969786
39.5 0.9848585389947129
39.6 0.9848572404934219
39.7 0.9848555826860925
39.8 0.9848563951545051
39.9 0.9848620695480756
40.0 0.9848741850810693
40.1 0.9848932663873454
40.2 0.9849187107347698
40.3 0.984948894475427
40.4 0.9849814401076593
40.5 0.985013600104541
40.6 0.9850426956169356
40.7 0.985066540036992
40.8 0.9850837805275792
40.9 0.9850941042233075
41.0 0.9850982777657393
41.1 0.9850980155311306
41.2 0.9850956990364019
41.3 0.9850939933991993
41.4 0.9850954225555256
41.5 0.9851019709001061
41.6 0.9851147741974948
41.7 0.9851339478440271
41.8 0.9851585784024272
41.9 0.9851868781993038
42.0 0.9852164769758381
42.1 0.9852448031311861
42.2 0.9852694933146209
42.3 0.985288765246952
42.4 0.9853016950445446
42.5 0.9853083560051905
42.6 0.9853097981613498
42.7 0.9853078732761168
42.8 0.9853049344371303
42.9 0.9853034589640808
43.0 0.9853056550668445
43.1 0.9853131147249605
43.2 0.9853265673339247
43.3 0.9853457722555019
43.4 0.9853695660303265
43.5 0.9853960553916732
43.6 0.9854229242133524
43.7 0.9854478047235692
43.8 0.9854686536233919
43.9 0.9854840734636563
44.0 0.9854935288521991
44.1 0.9854974241760062
44.2 0.9854970317135365
44.3 0.9854942828533713
44.4 0.9854914566743561
44.5 0.9854908161218321
44.6 0.9854942498880415
44.7 0.985502976659017
44.8 0.9855173580659767
44.9 0.9855368490260055
45.0 0.9855600921663988
45.1 0.985585140154831
45.2 0.9856097695959587
45.3 0.9856318360047127
45.4 0.9856496132545425
45.5 0.9856620638576244
45.6 0.9856689978534214
45.7 0.9856710960447332
45.8 0.9856697950574208
45.9 0.9856670535749029
46.0 0.9856650377787368
46.1 0.9856657765163781
46.2 0.985670841053285
46.3 0.9856810999609823
46.4 0.9856965873374177
46.5 0.9857165043070614
46.6 0.9857393524803612
46.7 0.9857631771213373
46.8 0.9857858806209308
46.9 0.9858055560254066
47.0 0.9858207876225656
47.1 0.9858308712481203
47.2 0.9858359200382785
47.3 0.985836839823732
47.4 0.9858351791039897
47.5 0.9858328783882144
47.6 0.9858319594391328
47.7 0.9858342041116934
47.8 0.9858408737717246
47.9 0.9858525134083276
48.0 0.9858688708035009
48.1 0.98588894266214
48.2 0.9859111393593748
48.3 0.9859335412818424
48.4 0.9859542054092376
48.5 0.9859714731702856
48.6 0.9859842308013931
48.7 0.9859920813072228
48.8 0.9859954014937433
48.9 0.9859952759265123
49.0 0.985993319249476
49.1 0.985991415906833
49.2 0.9859914191317467
49.3 0.9859948572378235
49.4 0.9860026936843633
49.5 0.9860151785249587
49.6 0.9860318140870394
49.7 0.9860514394145159
49.8 0.9860724191964266
49.9 0.9860929064231073
50.0 0.9861111365838477
50.1 0.9861257065537801
50.2 0.986135794063451
50.3 0.986141283441387
50.4 0.9861427784001362
50.5 0.9861415007030045
50.6 0.9861390916524463
50.7 0.986137348575927
50.8 0.9861379385892755
50.9 0.9861421351665767
51.0 0.9861506191087342
51.1 0.9861633749932385
51.2 0.9861796987828195
51.3 0.9861983145788642
51.4 0.9862175811854234
51.5 0.9862357550760635
51.6 0.9862512676708346
51.7 0.9862629728338024
51.8 0.9862703255909757
51.9 0.9862734642233972
52.0 0.9862731834310676
52.1 0.9862708036307337
52.2 0.9862679578413973
52.3 0.9862663305655486
52.4 0.9862673904012662
52.5 0.9862721588324426
52.6 0.9862810516119915
52.7 0.986293817343564
52.8 0.9863095823250949
52.9 0.9863269937706954
53.0 0.9863444380050201
53.1 0.9863602985123046
53.2 0.9863732126131756
53.3 0.986382286095518
53.4 0.9863872320443086
53.5 0.9863884123905635
53.6 0.9863867762835232
53.7 0.9863837057521966
53.8 0.986380793794096
53.9 0.9863795905342357
54.0 0.9863813579327246
54.1 0.9863868718931526
54.2 0.9863963028017049
54.3 0.9864091929224035
54.4 0.9864245335557384
54.5 0.9864409290492434
54.6 0.9864568210746147
54.7 0.9864707371724206
54.8 0.9864815240066123
54.9 0.9864885284287592
55.0 0.9864916979956508
55.1 0.9864915855550245
55.2 0.9864892577892085
55.3 0.9864861228796076
55.4 0.9864837051426343
55.5 0.9864834027290185
55.6 0.9864862669324939
55.7 0.9864928379329205
55.8 0.986503062665216
55.9 0.9865163072802964
56.0 0.9865314616045413
56.1 0.9865471184446042
56.2 0.9865617987922255
56.3 0.9865741869414748
56.4 0.9865833381603848
56.5 0.986588826174076
56.6 0.9865908074813031
56.7 0.9865899928222575
56.8 0.9865875309432587
56.9 0.9865848236401109
57.0 0.9865833018534893
57.1 0.9865841985808923
57.2 0.986588354604788
57.3 0.9865960876470963
57.4 0.9866071452733984
57.5 0.9866207484823465
57.6 0.9866357185036341
57.7 0.9866506661455557
57.8 0.9866642132938612
57.9 0.9866752112257589
58.0 0.9866829211526211
58.1 0.9866871286219527
58.2 0.9866881740361664
58.3 0.9866868950016685
58.4 0.9866844901924483
58.5 0.9866823268139429
58.6 0.9866817225642528
58.7 0.986683736799632
58.8 0.9866890039786016
58.9 0.9866976355136914
59.0 0.9867092051700388
59.1 0.9867228198181225
59.2 0.9867372637648919
59.3 0.986751193339851
59.4 0.9867633505549687
59.5 0.9867727618464937
59.6 0.9867788904918416
59.7 0.9867817187957304
59.8 0.98678174746837
59.9 0.9867799127918451
60.0 0.98677743522318
60.1 0.9867756238797205
60.2 0.9867756681596781
60.3 0.9867784496443038
60.4 0.9867844039746085
60.5 0.9867934543092197
60.6 0.986805026495609
60.7 0.9868181430278291
60.8 0.9868315804316204
60.9 0.986844064716562
61.0 0.98685447367035
61.1 0.9868620138818314
61.2 0.9868663445414969
61.3 0.9868676287217653
61.4 0.9868665044221576
61.5 0.9868639804563542
61.6 0.9868612741577929
61.7 0.9868596169694119
61.8 0.9868600589678617
61.9 0.9868633033233722
62.0 0.9868695967852055
62.1 0.9868786932511175
62.2 0.986889895747418
62.3 0.9869021697217464
62.4 0.9869143092448411
62.5 0.9869251294512759
62.6 0.9869336545501821
62.7 0.986939271578283
62.8 0.9869418257189649
62.9 0.986941642385184
63.0 0.9869394729868055
63.1 0.9869363734360755
63.2 0.9869335350248963
63.3 0.986932094796458
63.4 0.9869329555980237
63.5 0.9869366443146943
63.6 0.986943230574741
63.7 0.9869523184593917
63.8 0.9869631121428433
63.9 0.9869745446198384
64.0 0.9869854487502552
64.1 0.9869947432585305
64.2 0.9870016040839885
64.3 0.9870055939738311
64.4 0.9870067299770237
64.5 0.9870054785180487
64.6 0.9870026791822748
64.7 0.986999409693113
64.8 0.9869968138643099
64.9 0.9869959199813747
65.0 0.9869974784946565
65.1 0.9870018446673049
65.2 0.9870089245396934
65.3 0.9870181924551925
65.4 0.9870287769719357
65.5 0.9870396011587532
65.6 0.9870495547385207
65.7 0.9870576705932073
65.8 0.9870632776067568
65.9 0.987066105731416
66.0 0.9870663268605939
66.1 0.9870645253713825
66.2 0.9870616033795104
66.3 0.987058636079231
66.4 0.9870567003826939
66.5 0.9870567041752609
66.6 0.9870592432710183
66.7 0.9870645086075703
66.8 0.9870722581331584
66.9 0.987081857509265
67.0 0.987092382806148
67.1 0.9871027685828633
67.2 0.9871119776243229
67.3 0.9871191652989929
67.4 0.9871238125025668
67.5 0.9871258062617619
67.6 0.9871254554930683
67.7 0.9871234397524364
67.8 0.9871206994518149
67.9 0.987118285264158
68.0 0.9871171908091012
68.1 0.9871181952482054
68.2 0.987121740700023
68.3 0.9871278637357903
68.4 0.9871361915457877
68.5 0.9871460030448598
68.6 0.9871563448969198
68.7 0.9871661837695087
68.8 0.9871745704820716
68.9 0.9871807899573236
69.0 0.9871844732599491
69.1 0.9871856541540363
69.2 0.9871847614899816
69.3 0.9871825489563444
69.4 0.9871799736655782
69.5 0.9871780430885185
69.6 0.9871776547856747
69.7 0.9871794543910262
69.8 0.9871837342818078
69.9 0.9871903888072089
70.0 0.9871989328860182
70.1 0.9872085807093285
70.2 0.98721837175621
70.3 0.9872273238917973
70.4 0.987234589129699
70.5 0.9872395873294963
70.6 0.987242096736598
70.7 0.9872422872131753
70.8 0.9872406911733071
70.9 0.9872381171499219
71.0 0.9872355199867975
71.1 0.9872338484731478
71.2 0.9872338947036237
71.3 0.9872361690551765
71.4 0.9872408204971203
71.5 0.9872476146503143
71.6 0.9872559728003439
71.7 0.98726506537235
71.8 0.9872739447679604
71.9 0.9872816962996287
72.0 0.9872875831783612
72.1 0.9872911625830774
72.2 0.9872923545288503
72.3 0.9872914528311311
72.4 0.9872890767091878
72.5 0.9872860709870093
72.6 0.9872833709805862
72.7 0.9872818536767825
72.8 0.9872821988837626
72.9 0.987284782345147
73.0 0.9872896176229233
73.1 0.9872963557484882
73.2 0.9873043424216301
73.3 0.9873127234086763
73.4 0.9873205811934319
73.5 0.9873270810431257
73.6 0.987331603271609
73.7 0.9873338407700205
73.8 0.9873338464853001
73.9 0.9873320235472103
74.0 0.9873290598675168
74.1 0.9873258178499551
74.2 0.9873231969135456
74.3 0.9873219907666345
74.4 0.987322762108789
74.5 0.9873257545578273
74.6 0.9873308556149498
74.7 0.9873376163096098
74.8 0.9873453241489246
74.9 0.9873531175608823
75.0 0.9873601234790761
75.1 0.9873655961398347
75.2 0.9873690350586062
75.3 0.9873702635566808
75.4 0.9873694555588146
75.5 0.9873671066334525
75.6 0.987363954123647
75.7 0.9873608592620251
75.8 0.9873586701390944
75.9 0.9873580873550214
76.0 0.9873595536515234
76.1 0.9873631849340587
76.2 0.9873687534410946
76.3 0.9873757254989328
76.4 0.9873833476374451
76.5 0.9873907671865945
76.6 0.9873971680769968
76.7 0.9874019002305692
76.8 0.9874045820409953
76.9 0.9874051598095974
77.0 0.987403914890117
77.1 0.9874014176434988
77.2 0.987398435735076
77.3 0.9873958115180825
77.4 0.9873943280938544
77.5 0.9873945853387665
77.6 0.9873969055263891
77.7 0.9874012833833039
77.8 0.9874073883061659
77.9 0.9874146181671675
78.0 0.9874221959434755
78.1 0.9874292936636573
78.2 0.9874351638882383
78.3 0.9874392578341251
78.4 0.9874413114687852
78.5 0.9874413860505841
78.6 0.9874398568882569
78.7 0.987437352323001
78.8 0.987434652825872
78.9 0.9874325663943592
79.0 0.9874318001108908
79.1 0.9874328482615995
79.2 0.9874359146890108
79.3 0.9874408815478282
79.4 0.9874473292268857
79.5 0.9874546040522506
79.6 0.987461922833343
79.7 0.9874684975058977
79.8 0.9874736600107675
79.9 0.9874769676018066
80.0 0.987478271954044
80.1 0.9874777412690272
80.2 0.9874758320667651
80.3 0.9874732153517698
80.4 0.9874706690665582
80.5 0.9874689540333053
80.6 0.9874686931437819
80.7 0.9874702729492241
80.8 0.987473783169348
80.9 0.9874790035654937
81.0 0.9874854400573438
81.1 0.9874924041536579
81.2 0.987499122909389
81.3 0.9875048618328155
81.4 0.9875090411912899
81.5 0.9875113272813727
81.6 0.9875116842897952
81.7 0.9875103786740762
81.8 0.987507935560803
81.9 0.9875050542826538
82.0 0.9875024966191625
82.1 0.9875009655946969
82.2 0.9875009941029711
82.3 0.9875028609918874
82.4 0.9875065478206441
82.5 0.9875117429824217
82.6 0.9875178923546584
82.7 0.98752428824853
82.8 0.9875301823861296
82.9 0.9875349048846782
83.0 0.9875379703343483
83.1 0.9875391541915687
83.2 0.9875385274766769
83.3 0.9875364444309014
83.4 0.9875334852808714
83.5 0.9875303633635633
83.6 0.987527811496347
83.7 0.9875264657022884
83.8 0.9875267647518996
83.9 0.9875288814079546
84.0 0.9875326961563213
84.1 0.9875378174340943
84.2 0.9875436449620729
84.3 0.9875494659633676
84.4 0.9875545688776037
84.5 0.9875583564517578
84.6 0.987560440269033
84.7 0.987560701780978
84.8 0.9875593102820743
84.9 0.987556695141805
85.0 0.9875534768666149
85.1 0.9875503680917486
85.2 0.9875480603222294
85.3 0.9875471144455911
85.4 0.9875478723797185
85.5 0.9875504037892775
85.6 0.9875544961998997
85.7 0.9875596899123393
85.8 0.9875653520074221
85.9 0.9875707775590343
86.0 0.987575301889026
86.1 0.987578406018678
86.2 0.9875797986073018
86.3 0.9875794614630373
86.4 0.9875776515453998
86.5 0.9875748592968396
86.6 0.9875717300815802
86.7 0.9875689613275137
86.8 0.9875671917765193
86.9 0.9875669004467428
87.0 0.9875683312933357
87.1 0.9875714554304058
87.2 0.9875759767644064
87.3 0.987581379982893
87.4 0.9875870131347169
87.5 0.9875921915681081
87.6 0.9875963066663002
87.7 0.9875989221104319
87.8 0.9875998424437606
87.9 0.9875991431684449
88.0 0.9875971577367735
88.1 0.9875944236659322
88.2 0.9875915964711466
88.3 0.9875893451868327
88.4 0.9875882461224725
88.5 0.9875886917074831
88.6 0.9875908288361164
88.7 0.9875945363807039
88.8 0.9875994452946883
88.9 0.9876049979654736
89.0 0.987610537251969
89.1 0.9876154109801943
89.2 0.987619075260127
89.3 0.9876211802368198
89.4 0.9876216247424985
89.5 0.9876205712880977
89.6 0.9876184191679912
89.7 0.9876157400945682
89.8 0.9876131867094655
89.9 0.98761138859076
90.0 0.9876108522948164
90.1 0.9876118812837362
90.2 0.98761452836689
90.3 0.9876185880828359
90.4 0.9876236300915731
90.5 0.9876290681254867
90.6 0.9876342534376201
90.7 0.9876385778286902
90.8 0.9876415698698668
90.9 0.9876429690836847
91.0 0.9876427663859483
91.1 0.9876412044987941
91.2 0.987638738408614
91.3 0.987635962283916
91.4 0.9876335145746387
91.5 0.9876319764238286
91.6 0.9876317795427603
91.7 0.9876331381320732
91.8 0.9876360155664485
91.9 0.9876401310137332
92.0 0.9876450047931571
92.1 0.9876500351463254
92.2 0.9876545941252086
92.3 0.9876581273119533
92.4 0.9876602415372404
92.5 0.9876607667116575
92.6 0.9876597820524529
92.7 0.9876576026613916
92.8 0.9876547287169137
92.9 0.9876517654761789
93.0 0.9876493268757696
93.1 0.987647938091543
93.2 0.9876479525213662
93.3 0.9876494963152924
93.4 0.9876524491693095
93.5 0.9876564643035695
93.6 0.9876610243302046
93.7 0.9876655240213613
93.8 0.9876693667508594
93.9 0.9876720592641108
94.0 0.9876732897357388
94.1 0.987672976788242
94.2 0.9876712817836802
94.3 0.9876685825553689
94.4 0.9876654128786778
94.5 0.98766237739132
94.6 0.9876600555497388
94.7 0.9876589098935985
94.8 0.9876592131588297
94.9 0.9876610057489079
95.0 0.9876640902084549
95.1 0.9876680634627761
95.2 0.9876723815821554
95.3 0.9876764466877697
95.4 0.9876797021437385
95.5 0.9876817208985158
95.6 0.9876822729867062
95.7 0.9876813615436811
95.8 0.9876792217169321
95.9 0.98767628276997
96.0 0.9876730995019845
96.1 0.9876702639671812
96.2 0.9876683115579488
96.3 0.9876676363669374
96.4 0.9876684292307065
96.5 0.9876706482053379
96.6 0.9876740260605651
96.7 0.9876781134817905
96.8 0.9876823510107615
96.9 0.9876861582262892
97.0 0.9876890259570476
97.1 0.9876905968951157
97.2 0.9876907218555643
97.3 0.9876894828330605
97.4 0.9876871793088421
97.5 0.9876842800909826
97.6 0.9876813484431921
97.7 0.9876789524596588
97.8 0.9876775749474782
97.9 0.9876775371181545
98.0 0.9876789481424331
98.1 0.987681688494165
98.2 0.9876854296138748
98.3 0.9876896866554037
98.4 0.9876938958489011
98.5 0.9876975041245089
98.6 0.9877000567479345
98.7 0.987701269069755
98.8 0.987701071056271
98.9 0.9876996176305677
99.0 0.9876972632867197
99.1 0.9876945051244886
99.2 0.9876919034379424
99.3 0.9876899925248361
99.4 0.9876891959019585
99.5 0.9876897593565518
99.6 0.9876917124043314
99.7 0.987694864174862
99.8 0.987698834266449
99.9 0.9877031135708247
100.0 0.9877071453180648
