0.1 0.0 0.0 0.0
0.2 -5.46230359515208e-7 3.4365901312692625e-8 -2.042590039219583e-6
0.3 -4.28469248906514e-6 4.5675394748116366e-7 -1.6076906441009342e-5
0.4 -1.7122836282278348e-5 2.488990775809542e-6 -6.453602614586718e-5
0.5 -4.771163303553134e-5 8.683340844669198e-6 -0.00018080099589529164
0.6 -0.00010588036586730014 2.309584346929074e-5 -0.00040381149017962303
0.7 -0.00020078715406008537 5.1132217147766264e-5 -0.0007715599832643361
0.8 -0.000339048307076492 9.906456607086347e-5 -0.0013143418693407072
0.9 -0.0005231137807600254 0.00017327242541618243 -0.002048672659534123
1.0 -0.0007501235915672653 0.0002793097506274538 -0.0029727036575365184
1.1 -0.00101141582664159 0.00042093267886520326 -0.004063780131524974
1.2 -0.0012927700106024147 0.0005992359231884537 -0.0052785157156620965
1.3 -0.00157537219783253 0.0008120362568716842 -0.006555438984388373
1.4 -0.0018373936395187274 0.0010536109084935503 -0.007819944133963308
1.5 -0.0020559959560745565 0.0013148512768952432 -0.008990989173855518
1.6 -0.002209522726887395 0.0015838352087052666 -0.009988768598129305
1.7 -0.0022796167760579626 0.0018467626516820452 -0.01074246997435635
1.8 -0.0022530160557808583 0.002089148461263896 -0.011197218867473047
1.9 -0.002122826037357485 0.0022971299921086233 -0.01131942283906906
2.0 -0.0018891358587443264 0.0024587310581510894 -0.011099927391731351
2.1 -0.001558929041911215 0.0025649300463671137 -0.010554667061766665
2.2 -0.0011453257564733546 0.0026104072345086195 -0.009722797600340005
2.3 -0.0006662709070230498 0.0025938903984856214 -0.008662591195408909
2.4 -0.00014284105990205835 0.0025180719076498994 -0.0074456287387174025
2.5 0.0004026232664172903 0.002389126662869616 -0.006150000729585187
2.6 0.000948347999393457 0.0022159103044852536 -0.0048533115901948365
2.7 0.0014747281601337778 0.002008954112463376 -0.003626263896596982
2.8 0.0019655560001286495 0.0017793921078120354 -0.002527485683007036
2.9 0.002408786229008857 0.001537955040456149 -0.001600074093293935
3.0 0.0027968140129396354 0.0012941462550394981 -0.000870090071021179
3.1 0.003126302138160283 0.0010556796842146408 -0.0003469846089111106
3.2 0.0033976432062611433 0.0008282163498352407 -2.5701099751779255e-5
3.3 0.0036141753189735237 0.0006153897926115832 0.00010998955120092302
3.4 0.0037812826687602654 0.00041906982891191415 8.348201593275095e-5
3.5 0.003905506082871278 0.00023978388882851885 -7.874557297532503e-5
3.6 0.003993765939024694 7.719990011569521e-5 -0.00035073886909853247
3.7 0.004052766120152226 -6.942426997268042e-5 -0.0007097672840948588
3.8 0.00408860906890598 -0.0002009035551435663 -0.0011378529536683057
3.9 0.004106614886548943 -0.0003179513678947187 -0.001622058475028415
4.0 0.004111307251312471 -0.0004211843917727784 -0.0021536532148194454
4.1 0.004106509516966205 -0.0005112874361347795 -0.0027264380586820014
4.2 0.00409548741701506 -0.0005892891890874713 -0.0033346175893081975
4.3 0.004081079907539935 -0.0006568793975485637 -0.003970653985377132
4.4 0.0040657745072874936 -0.0007166904170878191 -0.004623515184446203
4.5 0.004051704372094898 -0.000772471965295386 -0.005277647457796186
4.6 0.004040566982013649 -0.0008291058516629278 -0.005912874263979129
4.7 0.004033484563926755 -0.0008924341514072224 -0.006505269746451409
4.8 0.004030840860592429 -0.0009689051830613267 -0.00702889992327857
4.9 0.004032135512098432 -0.001065071693125702 -0.007458190180379548
5.0 0.004035895575862346 -0.0011870001267324176 -0.0077705829008647975
5.1 0.004039674492474487 -0.00133966510377025 -0.007949106281063878
5.2 0.004040154223146009 -0.0015264071388338073 -0.0079844889758027
5.3 0.0040333492034215004 -0.0017485239853336119 -0.007876521286087595
5.4 0.004014894247041768 -0.002005048277631055 -0.007634470858396358
5.5 0.003980385340332073 -0.0022927393781106645 -0.007276492519862232
5.6 0.003925734382977194 -0.0026062894196444138 -0.0068281082732247755
5.7 0.0038474973213288794 -0.0029387166526183115 -0.006319955030186009
5.8 0.003743139648799167 -0.003281897162129426 -0.005785087666931116
5.9 0.003611212788901182 -0.003627171678936505 -0.005256171914005986
6.0 0.0034514275849269935 -0.003965959115644733 -0.0047629005572684124
6.1 0.0032646247979534154 -0.0042903127020885445 -0.00432991962636714
6.2 0.003052655003605074 -0.004593366880912401 -0.00397546736802834
6.3 0.00281818981121828 -0.004869641086178219 -0.0037108215025816182
6.4 0.002564491785347529 -0.005115187156804692 -0.00354053599158094
6.5 0.002295171474048613 -0.005327587293788467 -0.0034633440337575316
6.6 0.0020139569337354513 -0.005505826372234032 -0.0034735238204258723
6.7 0.0017244950825691789 -0.005650074031079347 -0.003562478072115405
6.8 0.001430196480944045 -0.005761417239421986 -0.003720272341661307
6.9 0.001134127196195284 -0.005841582989021308 -0.003936909261571642
7.0 0.0008389445660876746 -0.00589268434830454 -0.00420317948146226
7.1 0.0005468688736618885 -0.005917012998783007 -0.004511013762426491
7.2 0.00025968064145108006 -0.005916889596265081 -0.004853350817101421
7.3 -2.1266602659108255e-5 -0.005894571903690774 -0.005223617879816789
7.4 -0.00029502612625007424 -0.005852211363479723 -0.00561498328355961
7.5 -0.0005610351018059699 -0.005791842793638959 -0.006019573677939427
7.6 -0.000819090177963784 -0.005715389700936581 -0.00642784886081485
7.7 -0.0010693196169649843 -0.0056246691206472 -0.006828295625630865
7.8 -0.0013121482151494453 -0.005521384156164226 -0.007207544511525166
7.9 -0.0015482508147244092 -0.005407098361790883 -0.007550939637831822
8.0 -0.0017784912720591505 -0.005283192498048374 -0.007843513856448797
8.1 -0.0020038459629568095 -0.005150809783450799 -0.008071251529902818
8.2 -0.002225313764947022 -0.005010799637269916 -0.008222470051225533
8.3 -0.00244381735632879 -0.004863671520338149 -0.008289126347671122
8.4 -0.0026601030375124177 -0.004709569743849374 -0.008267859447926462
8.5 -0.0028746476709762053 -0.004548277345343992 -0.008160613545562273
8.6 -0.00308758150987237 -0.0043792529512493295 -0.007974742383228511
8.7 -0.0032986346228673713 -0.004201699752283646 -0.007722566394115754
8.8 -0.003507112509222571 -0.004014661129531714 -0.007420428124530393
8.9 -0.0037119036692488186 -0.0038171337904691505 -0.007087358024798873
9.0 -0.0039115187653222675 -0.003608187000008772 -0.006743512141944963
9.1 -0.004104157994858462 -0.0033870758533124084 -0.006408568786459706
9.2 -0.004287800754074186 -0.0031533375005692193 -0.0061002698340029415
9.3 -0.004460309849474976 -0.0029068615389418423 -0.0058332650142999265
9.4 -0.004619541539620118 -0.0026479290156972064 -0.005618369200506984
9.5 -0.004763452573182868 -0.0023772181459420045 -0.005462281184280521
9.6 -0.004890196049721157 -0.002095778449270487 -0.005367747244879623
9.7 -0.004998199227965239 -0.0018049781320705412 -0.005334093747466184
9.8 -0.005086218178420948 -0.0015064318784361365 -0.005358008524311342
9.9 -0.005153366257767925 -0.001201917585722429 -0.005434426878282578
10.0 -0.005199115618414976 -0.0008932909424866208 -0.005557377344792974
10.1 -0.005223273216542289 -0.0005824061592693112 -0.00572066386824388
10.2 -0.005225934909841037 -0.0002710497734495734 -0.005918300441654228
10.3 -0.005207423101614177 3.910753766686809e-5 -0.006144664584345705
10.4 -0.005168214842509973 0.00034653855028313744 -0.006394388904880033
10.5 -0.005108868193678819 0.0006498663716401271 -0.006662056920955811
10.6 -0.005029954848700157 0.0009478528122042786 -0.0069418029924851465
10.7 -0.004932006410059251 0.0012393724405186934 -0.00722693167508795
10.8 -0.004815480293958508 0.0015233779366848692 -0.00750966703555439
10.9 -0.004680749066565224 0.0017988630924695448 -0.007781118740330856
11.0 -0.0045281142779439515 0.002064829759530038 -0.008031513249168648
11.1 -0.004357842845048657 0.0023202642191129516 -0.00825069166814385
11.2 -0.004170221109087293 0.002564126923506834 -0.00842882837082326
11.3 -0.003965619253731502 0.0027953575189292265 -0.008557283985394681
11.4 -0.0037445571881400044 0.0030128947575830743 -0.008629479158793252
11.5 -0.003507762548450193 0.0032157086515927254 -0.008641665862101217
11.6 -0.0032562122804871726 0.0034028403344339535 -0.008593482322311385
11.7 -0.0029911512789695277 0.0035734438625056107 -0.008488204428853202
11.8 -0.002714084529926903 0.003726823813946599 -0.008332646482756112
11.9 -0.002426742727519114 0.00386246310445893 -0.008136711275788105
12.0 -0.0021310249046534078 0.0039800368762419195 -0.00791263656748245
12.1 -0.0018289246950910889 0.004079410416880309 -0.0076740250560553835
12.2 -0.0015224489630345742 0.00416062150223313 -0.007434772098752485
12.3 -0.0012135383686607006 0.004223849933807832 -0.007208015972233195
12.4 -0.0009039988614255977 0.004269378955578291 -0.00700522820307331
12.5 -0.0005954512116882311 0.004297554353084656 -0.006835537980457718
12.6 -0.0002893028229412377 0.004308747153502992 -0.006705348832273972
12.7 1.3257309384213099e-5 0.0043033249257835365 -0.006618263295676358
12.8 0.00031124295202700794 0.004281634877066686 -0.006575288773828347
12.9 0.0006038394926748965 0.00424399957298877 -0.006575261485678524
13.0 0.0008903642024986329 0.004190723606894737 -0.006615400581143821
13.1 0.0011702252380187321 0.004122107376898638 -0.006691894387327618
13.2 0.00144288586529676 0.004038462723926666 -0.006800426281837135
13.3 0.0017078384581638614 0.003940124834585523 -0.0069365673232351654
13.4 0.001964590211175909 0.003827455627951191 -0.007095992829910969
13.5 0.0022126597301237436 0.003700835717274162 -0.007274515400932657
13.6 0.002451581250587186 0.0035606446529667032 -0.0074679615621889295
13.7 0.002680911642075681 0.0034072320432836723 -0.0076719477106323986
13.8 0.0029002348742443963 0.003240884769716512 -0.007881628865196139
13.9 0.0031091593311331407 0.0030617973428241053 -0.008091498264255731
14.0 0.0033073051109451285 0.0028700530775615466 -0.008295306609129277
14.1 0.003494280896390009 0.0026656229990160356 -0.008486148480637168
14.2 0.00366965264545415 0.0024483872568769505 -0.008656733782581222
14.3 0.0038329087130772764 0.002218180613430264 -0.008799828909537538
14.4 0.00398342760312217 0.0019748597639058234 -0.008908821101171971
14.5 0.004120455040030087 0.001718386464845058 -0.008978335171268476
14.6 0.004243096313849858 0.0014489173237863782 -0.00900481837331632
14.7 0.004350327987267425 0.0011668891930074559 -0.008987008730658386
14.8 0.004441030360209163 0.0008730887783416263 -0.008926214812295441
14.9 0.004514039017636025 0.0005686964370202414 -0.008826358730688322
15.0 0.0045682108581970955 0.0002552970369386102 -0.00869376542727443
15.1 0.004602497709106971 -6.514522812810393e-5 -0.008536715328854333
15.2 0.0046160193571747185 -0.00039034662496999575 -0.008364809074615398
15.3 0.004608127770717164 -0.0007177924387410595 -0.008188217534211256
15.4 0.004578455445338254 -0.001044844904369169 -0.008016904212267667
15.5 0.004526942967388638 -0.001368858893149076 -0.007859908489709216
15.6 0.004453843679608462 -0.0016872931695826375 -0.007724767041556446
15.7 0.004359706289410058 -0.0019978061623524375 -0.007617129134153439
15.8 0.004245338909144689 -0.0022983277906872164 -0.007540592833177984
15.9 0.004111759961874863 -0.0025871025025668683 -0.007496757918214331
16.0 0.003960142368926162 -0.0028627027193276573 -0.007485462247754621
16.1 0.003791757378942036 -0.003124015706181425 -0.007505145734137825
16.2 0.003607923407602549 -0.003370209928870273 -0.007553273143724587
16.3 0.0034099635920793042 -0.003600688798708759 -0.007626745232880733
16.4 0.0031991737822726777 -0.003815040156478605 -0.007722237074082677
16.5 0.0029768007771589743 -0.004012988945431292 -0.007836420918475723
16.6 0.002744029109228282 -0.004194358541769918 -0.00796605530102415
16.7 0.002501973817484195 -0.0043590435786010065 -0.008107948205134108
16.8 0.0022516765216690645 -0.004506994328362394 -0.008258825684917315
16.9 0.0019941026569197215 -0.004638210300237602 -0.00841515461377007
17.0 0.0017301387575152315 -0.004752739065931263 -0.008572976501613677
17.1 0.001460589912422373 -0.004850675689373889 -0.00872780740751608
17.2 0.0011861786477475374 -0.004932158547667906 -0.008874647330614549
17.3 0.0009075472500763193 -0.004997358642813882 -0.009008123110229055
17.4 0.0006252657445572617 -0.005046461411826525 -0.009122765032909791
17.5 0.00033984731816699557 -0.005079642148535027 -0.009213392946111287
17.6 5.177199761287175e-5 -0.005097038038290661 -0.00927556668614446
17.7 -0.0002384819669994174 -0.005098721119475341 -0.009306041443638391
17.8 -0.0005304010395044032 -0.005084676984191957 -0.009303163619516164
17.9 -0.0008233969962170911 -0.005054793631681496 -0.009267147622884442
18.0 -0.0011167694177965414 -0.005008863671342746 -0.009200188222161704
18.1 -0.0014096745949756268 -0.0049466012584096965 -0.00910638433351485
18.2 -0.0017011049783857604 -0.0048676730509021274 -0.008991475278580574
18.3 -0.0019898822763682092 -0.004771740454115389 -0.00886241575752636
18.4 -0.0022746657932985904 -0.004658508795551578 -0.008726837273073107
18.5 -0.0025539758338080274 -0.004527778095599375 -0.008592458328172015
18.6 -0.002826230241723152 -0.004379489897459638 -0.00846651131445847
18.7 -0.0030897906535815923 -0.004213765192676357 -0.00835524991749731
18.8 -0.0033430140305644547 -0.004030929702770302 -0.008263587880094542
18.9 -0.0035843046131823764 -0.003831524436235107 -0.008194900211232065
19.0 -0.0038121616463796396 -0.003616301265879229 -0.008150994520776778
19.1 -0.004025218981308458 -0.0033862049927184854 -0.008132236700159445
19.2 -0.004222273830406094 -0.003142344747669624 -0.00813779518212368
19.3 -0.004402303344322355 -0.0028859584720183594 -0.008165954406211484
19.4 -0.004564469090207 -0.002618374542759452 -0.008214442737358829
19.5 -0.004708110757970613 -0.002340974390819485 -0.008280723460629219
19.6 -0.00483273136686418 -0.0020551592965358852 -0.00836220875297669
19.7 -0.004937976811322384 -0.0017623235866366855 -0.008456373644360332
19.8 -0.005023612757035891 -0.001463835370816481 -0.008560766991044688
19.9 -0.005089501714947727 -0.001161024906395679 -0.008672936065665743
20.0 -0.005135582660298234 -0.0008551797979111635 -0.008790297339808711
