0.1 0.0
0.2 0.009975041636917203
0.3 0.03920767757998933
0.4 0.08597295064688315
0.5 0.147556264745343
0.6 0.22047406608676284
0.7 0.3007522742946661
0.8 0.3842360286710723
0.9 0.4669018653741871
1.0 0.5451439924204671
1.1 0.6160097635750619
1.2 0.6773653349776543
1.3 0.7279801238403953
1.4 0.7675272040226139
1.5 0.7965052229734781
1.6 0.8160948997257211
1.7 0.8279688958128861
1.8 0.834077295585126
1.9 0.8364318239573998
2.0 0.8369103021577309
2.1 0.8370990133920053
2.2 0.8381851733637238
2.3 0.8409052882918949
2.4 0.8455486175917718
2.5 0.8520089954738375
2.6 0.8598735466735514
2.7 0.8685338127852328
2.8 0.8773037144951874
2.9 0.8855295948454851
3.0 0.8926800753776339
3.1 0.8984071820848059
3.2 0.9025746125061693
3.3 0.9052535244524635
3.4 0.9066902673751962
3.5 0.9072535854155999
3.6 0.9073706839037489
3.7 0.9074620365532491
3.8 0.9078839721151027
3.9 0.9088861359643474
4.0 0.9105882195170272
4.1 0.9129773066696639
4.2 0.9159242329074994
4.3 0.9192148761518038
4.4 0.9225905927960302
4.5 0.9257912466515265
4.6 0.9285944820568117
4.7 0.9308459611520465
4.8 0.932477004789507
4.9 0.9335081583850207
5.0 0.9340393310972969
5.1 0.9342290277695048
5.2 0.9342665640030887
5.3 0.9343418683225051
5.4 0.9346174774030065
5.5 0.9352066707902071
5.6 0.9361605104860738
5.7 0.9374650531455073
5.8 0.9390484249988538
5.9 0.9407960246153411
6.0 0.9425710422137504
6.1 0.9442368897028283
6.2 0.945678078591274
6.3 0.9468165376988497
6.4 0.9476212309246316
6.5 0.9481100647787718
6.6 0.9483442844268428
6.7 0.9484166632625759
6.8 0.9484356376748757
6.9 0.9485080159196956
7.0 0.9487229486366365
7.1 0.9491395035883157
7.2 0.9497795125005003
7.3 0.9506264718927071
7.4 0.9516303258426111
7.5 0.9527170825733745
7.6 0.9538015450611192
7.7 0.9548010581569477
7.8 0.9556481321557894
7.9 0.9563000844246132
8.0 0.9567443879297051
8.1 0.9569991326820513
8.2 0.9571087770512174
8.3 0.9571360719075963
8.4 0.9571515783690782
8.5 0.9572224966391769
8.6 0.9574025456648927
8.7 0.9577243905863226
8.8 0.9581956563327207
8.9 0.9587989706119233
9.0 0.9594958442397213
9.1 0.9602336194896914
9.2 0.9609542829521722
9.3 0.9616037078311297
9.4 0.9621398881322929
9.5 0.9625389441842644
9.6 0.9627980729995889
9.7 0.9629351206035783
9.8 0.9629849851686363
9.9 0.9629935374046947
10.0 0.963010097390699
