0.1 0.0
0.2 0.009975041636917203
0.3 0.03920767757998933
0.4 0.08597295064688315
0.5 0.147556264745343
0.6 0.22047406608676284
0.7 0.3007522742946661
0.8 0.3842360286710723
0.9 0.4669018653741871
1.0 0.5451439924204671
1.1 0.6160097635750619
1.2 0.6773653349776543
1.3 0.7279801238403953
1.4 0.7675272040226139
1.5 0.7965052229734781
1.6 0.8160948997257211
1.7 0.8279688958128861
1.8 0.834077295585126
1.9 0.8364318239573998
2.0 0.8369103021577309
2.1 0.8370990133920053
2.2 0.8381851733637238
2.3 0.8409052882918949
2.4 0.8455486175917718
2.5 0.8520089954738375
2.6 0.8598735466735514
2.7 0.8685338127852328
2.8 0.8773037144951874
2.9 0.8855295948454851
3.0 0.8926800753776339
3.1 0.8984071820848059
3.2 0.9025746125061693
3.3 0.9052535244524635
3.4 0.9066902673751962
3.5 0.9072535854155999
3.6 0.9073706839037489
3.7 0.9074620365532491
3.8 0.9078839721151027
3.9 0.9088861359643474
4.0 0.9105882195170272
4.1 0.9129773066696639
4.2 0.9159242329074994
4.3 0.9192148761518038
4.4 0.9225905927960302
4.5 0.9257912466515265
4.6 0.9285944820568117
4.7 0.9308459611520465
4.8 0.932477004789507
4.9 0.9335081583850207
5.0 0.9340393310972969
5.1 0.9342290277695048
5.2 0.9342665640030887
5.3 0.9343418683225051
5.4 0.9346174774030065
5.5 0.9352066707902071
5.6 0.9361605104860738
5.7 0.9374650531455073
5.8 0.9390484249988538
5.9 0.9407960246153411
6.0 0.9425710422137504
6.1 0.9442368897028283
6.2 0.945678078591274
6.3 0.9468165376988497
6.4 0.9476212309246316
6.5 0.9481100647787718
6.6 0.9483442844268428
6.7 0.9484166632625759
6.8 0.9484356376748757
6.9 0.9485080159196956
7.0 0.9487229486366365
7.1 0.9491395035883157
7.2 0.9497795125005003
7.3 0.9506264718927071
7.4 0.9516303258426111
7.5 0.9527170825733745
7.6 0.9538015450611192
7.7 0.9548010581569477
7.8 0.9556481321557894
7.9 0.9563000844246132
8.0 0.9567443879297051
8.1 0.9569991326820513
8.2 0.9571087770512174
8.3 0.9571360719075963
8.4 0.9571515783690782
8.5 0.9572224966391769
8.6 0.9574025456648927
8.7 0.9577243905863226
8.8 0.9581956563327207
8.9 0.9587989706119233
9.0 0.9594958442397213
9.1 0.9602336194896914
9.2 0.9609542829521722
9.3 0.9616037078311297
9.4 0.9621398881322929
9.5 0.9625389441842644
9.6 0.9627980729995889
9.7 0.9629351206035783
9.8 0.9629849851686363
9.9 0.9629935374046947
10.0 0.963010097390699
10.1 0.9630796861398057
10.2 0.9632362553279594
10.3 0.9634978997323959
10.4 0.9638647118597461
10.5 0.9643195054847358
10.6 0.9648311841384473
10.7 0.9653601317864635
10.8 0.9658647151299278
10.9 0.9663078502153712
11.0 0.9666626155894666
11.1 0.9669160794042645
11.2 0.9670708144863697
11.3 0.9671439517629445
11.4 0.9671640082564199
11.5 0.9671660613053938
11.6 0.9671860759366457
11.7 0.9672552947140414
11.8 0.9673955577249701
11.9 0.9676162461678544
12.0 0.9679132676133984
12.1 0.9682701704384846
12.2 0.9686611420837176
12.3 0.9690553620603712
12.4 0.9694219883229238
12.5 0.9697349813184971
12.6 0.969977021392328
12.7 0.9701419402427518
12.8 0.9702353365004819
12.9 0.9702733380661845
13.0 0.9702797628193542
13.1 0.970282170138683
13.2 0.9703074525748001
13.3 0.9703776682174391
13.4 0.9705067552389345
13.5 0.9706986132121601
13.6 0.9709468084569047
13.7 0.9712359002683872
13.8 0.9715441327379948
13.9 0.9718470319777248
14.0 0.972121321214056
14.1 0.9723485339768366
14.2 0.9725177707214874
14.3 0.9726271936763877
14.4 0.972684062962726
14.5 0.972703349946686
14.6 0.9727051845073751
14.7 0.9727115674778094
14.8 0.9727428820020215
14.9 0.9728147541179799
15.0 0.9729357432151502
15.1 0.9731062003891273
15.2 0.9733184413239399
15.3 0.9735581712090722
15.4 0.9738069054901377
15.5 0.9740449816146486
15.6 0.9742546753843426
15.7 0.9744229320155673
15.8 0.9745432949636985
15.9 0.9746167517359214
16.0 0.9746513923378564
16.1 0.974660964190563
16.2 0.9746625777001237
16.3 0.9746739429120463
16.4 0.9747105814543358
16.5 0.9747834507160495
16.6 0.9748973418307081
16.7 0.975050283175143
16.8 0.9752340180834684
16.9 0.9754354557842404
17.0 0.97563884478051
17.1 0.9758283108873076
17.2 0.9759903537002668
17.3 0.9761159114116467
17.4 0.9762016807458944
17.5 0.9762505027553625
17.6 0.9762707758904596
17.7 0.9762750110011471
17.8 0.9762777745890046
17.9 0.9762933568064018
18.0 0.9763335360825809
18.1 0.9764057886335957
18.2 0.9765122135551334
18.3 0.9766493259193705
18.4 0.9768087309016262
18.5 0.9769785535731226
18.6 0.9771453833209899
18.7 0.9772964165360005
18.8 0.9774214570155764
18.9 0.9775144633177608
19.0 0.9775744100731474
19.1 0.9776053428773982
19.2 0.977615635493029
19.3 0.9776165829803763
19.4 0.977620565761483
19.5 0.9776390819452341
19.6 0.9776809596471179
19.7 0.9777510262961324
19.8 0.977849434373425
19.9 0.977971735904317
20.0 0.9781096785593275
